# time = 180.001
# Grid Points = 1024
                 # mixf_00                 # mixf_01                 # mixf_02
  -5.0000000000e-01  -5.8935385631e-01  -3.8851127375e-01
  -5.0000000000e-01  -5.8935385631e-01  -3.8851127375e-01
  -5.0000000000e-01  -5.8935385631e-01  -3.8851127375e-01
  -5.0000000000e-01  -5.8935385631e-01  -3.8851127375e-01
  -5.0000000000e-01  -5.8935385631e-01  -7.4107374506e-01
  -5.0000000000e-01  -5.8935385631e-01  -7.4107374506e-01
  -5.0000000000e-01  -5.8935385631e-01  -7.4107374506e-01
  -5.0000000000e-01  -5.8935385631e-01  -7.4107374506e-01
  -5.0000000000e-01  -5.8935385631e-01  -4.4964425093e-01
  -5.0000000000e-01  -5.8935385631e-01  -4.4964425093e-01
  -5.0000000000e-01  -5.8935385631e-01  -4.4964425093e-01
  -5.0000000000e-01  -5.8935385631e-01  -4.4964425093e-01
  -5.0000000000e-01  -5.8935385631e-01  -3.8851127375e-01
  -5.0000000000e-01  -5.8935385631e-01  -3.8851127375e-01
  -5.0000000000e-01  -5.8935385631e-01  -3.8851127375e-01
  -5.0000000000e-01  -5.8935385631e-01  -3.8851127375e-01
  -5.0000000000e-01  -6.6770990915e-01  -9.7086468105e-01
  -5.0000000000e-01  -6.6770990915e-01  -9.7086468105e-01
  -5.0000000000e-01  -6.6770990915e-01  -8.0174363937e-01
  -5.0000000000e-01  -6.6770990915e-01  -8.0174363937e-01
  -5.0000000000e-01  -6.6770990915e-01  -9.7086468105e-01
  -5.0000000000e-01  -6.6770990915e-01  -9.7086468105e-01
  -5.0000000000e-01  -6.6770990915e-01  -9.7086468105e-01
  -5.0000000000e-01  -6.6770990915e-01  -9.7086468105e-01
  -5.0000000000e-01  -6.6770990915e-01  -8.0174363937e-01
  -5.0000000000e-01  -6.6770990915e-01  -8.0174363937e-01
  -5.0000000000e-01  -6.6770990915e-01  -8.0174363937e-01
  -5.0000000000e-01  -6.6770990915e-01  -8.0174363937e-01
  -5.0000000000e-01  -6.6770990915e-01  -9.7086468105e-01
  -5.0000000000e-01  -6.6770990915e-01  -9.7086468105e-01
  -5.0000000000e-01  -6.6770990915e-01  -8.0174363937e-01
  -5.0000000000e-01  -6.6770990915e-01  -8.0174363937e-01
  -5.0000000000e-01  -5.3254118952e-01  -7.8890195494e-01
  -5.0000000000e-01  -5.3254118952e-01  -7.8890195494e-01
  -5.0000000000e-01  -5.3254118952e-01  -6.6428646650e-01
  -5.0000000000e-01  -5.3254118952e-01  -6.6428646650e-01
  -5.0000000000e-01  -5.3254118952e-01  -6.6047948442e-01
  -5.0000000000e-01  -5.3254118952e-01  -6.6047948442e-01
  -5.0000000000e-01  -5.3254118952e-01  -3.6655997058e-01
  -5.0000000000e-01  -5.3254118952e-01  -3.6655997058e-01
  -5.0000000000e-01  -5.3254118952e-01  -6.6047948442e-01
  -5.0000000000e-01  -5.3254118952e-01  -6.6047948442e-01
  -5.0000000000e-01  -5.3254118952e-01  -3.6655997058e-01
  -5.0000000000e-01  -5.3254118952e-01  -3.6655997058e-01
  -5.0000000000e-01  -5.3254118952e-01  -9.1351744337e-01
  -5.0000000000e-01  -5.3254118952e-01  -9.1351744337e-01
  -5.0000000000e-01  -5.3254118952e-01  -7.8890195494e-01
  -5.0000000000e-01  -5.3254118952e-01  -7.8890195494e-01
  -5.0000000000e-01  -3.6388433028e-01  -2.6598346500e-01
  -5.0000000000e-01  -3.6388433028e-01  -2.6598346500e-01
  -5.0000000000e-01  -3.6388433028e-01  -2.6598346500e-01
  -5.0000000000e-01  -3.6388433028e-01  -2.6598346500e-01
  -5.0000000000e-01  -3.6388433028e-01  -2.6598346500e-01
  -5.0000000000e-01  -3.6388433028e-01  -2.6598346500e-01
  -5.0000000000e-01  -3.6388433028e-01  -2.6598346500e-01
  -5.0000000000e-01  -3.6388433028e-01  -2.6598346500e-01
  -5.0000000000e-01  -3.6388433028e-01  -2.7181537052e-01
  -5.0000000000e-01  -3.6388433028e-01  -2.7181537052e-01
  -5.0000000000e-01  -3.6388433028e-01  -4.9109306084e-01
  -5.0000000000e-01  -3.6388433028e-01  -4.9109306084e-01
  -5.0000000000e-01  -3.6388433028e-01  -7.5865302278e-02
  -5.0000000000e-01  -3.6388433028e-01  -7.5865302278e-02
  -5.0000000000e-01  -3.6388433028e-01  -2.7181537052e-01
  -5.0000000000e-01  -3.6388433028e-01  -2.7181537052e-01
  -5.0000000000e-01  -5.5443343037e-01  -5.6508090944e-01
  -5.0000000000e-01  -5.5443343037e-01  -5.6508090944e-01
  -5.0000000000e-01  -5.5443343037e-01  -5.6508090944e-01
  -5.0000000000e-01  -5.5443343037e-01  -5.6508090944e-01
  -5.0000000000e-01  -5.5443343037e-01  -5.6508090944e-01
  -5.0000000000e-01  -5.5443343037e-01  -5.6508090944e-01
  -5.0000000000e-01  -5.5443343037e-01  -5.6508090944e-01
  -5.0000000000e-01  -5.5443343037e-01  -5.6508090944e-01
  -5.0000000000e-01  -5.5443343037e-01  -7.0043068534e-01
  -5.0000000000e-01  -5.5443343037e-01  -7.0043068534e-01
  -5.0000000000e-01  -5.5443343037e-01  -7.0043068534e-01
  -5.0000000000e-01  -5.5443343037e-01  -7.0043068534e-01
  -5.0000000000e-01  -5.5443343037e-01  -3.4354031797e-01
  -5.0000000000e-01  -5.5443343037e-01  -3.4354031797e-01
  -5.0000000000e-01  -5.5443343037e-01  -1.0573210527e+00
  -5.0000000000e-01  -5.5443343037e-01  -1.0573210527e+00
  -5.0000000000e-01  -5.5443343037e-01  -4.2111019458e-01
  -5.0000000000e-01  -5.5443343037e-01  -4.2111019458e-01
  -5.0000000000e-01  -5.5443343037e-01  -4.2111019458e-01
  -5.0000000000e-01  -5.5443343037e-01  -4.2111019458e-01
  -5.0000000000e-01  -5.5443343037e-01  -5.6160132923e-01
  -5.0000000000e-01  -5.5443343037e-01  -5.6160132923e-01
  -5.0000000000e-01  -5.5443343037e-01  -5.6160132923e-01
  -5.0000000000e-01  -5.5443343037e-01  -5.6160132923e-01
  -5.0000000000e-01  -5.5443343037e-01  -7.6275070227e-01
  -5.0000000000e-01  -5.5443343037e-01  -7.6275070227e-01
  -5.0000000000e-01  -5.5443343037e-01  -2.2884081729e-01
  -5.0000000000e-01  -5.5443343037e-01  -2.2884081729e-01
  -5.0000000000e-01  -5.5443343037e-01  -3.3076725873e-01
  -5.0000000000e-01  -5.5443343037e-01  -3.3076725873e-01
  -5.0000000000e-01  -5.5443343037e-01  -7.6275070227e-01
  -5.0000000000e-01  -5.5443343037e-01  -7.6275070227e-01
  -5.0000000000e-01  -5.3487813520e-01  -4.9691743912e-01
  -5.0000000000e-01  -5.3487813520e-01  -4.9691743912e-01
  -5.0000000000e-01  -5.3487813520e-01  -4.9691743912e-01
  -5.0000000000e-01  -5.3487813520e-01  -4.9691743912e-01
  -5.0000000000e-01  -5.3487813520e-01  -1.2150509214e+00
  -5.0000000000e-01  -5.3487813520e-01  -1.2150509214e+00
  -5.0000000000e-01  -5.3487813520e-01  -3.8951026369e-01
  -5.0000000000e-01  -5.3487813520e-01  -3.8951026369e-01
  -5.0000000000e-01  -5.3487813520e-01  -9.5964424560e-01
  -5.0000000000e-01  -5.3487813520e-01  -9.5964424560e-01
  -5.0000000000e-01  -5.3487813520e-01  -1.2150509214e+00
  -5.0000000000e-01  -5.3487813520e-01  -1.2150509214e+00
  -5.0000000000e-01  -5.3487813520e-01  -5.0410028024e-02
  -5.0000000000e-01  -5.3487813520e-01  -5.0410028024e-02
  -5.0000000000e-01  -5.3487813520e-01  -3.8951026369e-01
  -5.0000000000e-01  -5.3487813520e-01  -3.8951026369e-01
  -5.0000000000e-01  -5.3721508087e-01  -5.1831786452e-01
  -5.0000000000e-01  -5.3721508087e-01  -5.1831786452e-01
  -5.0000000000e-01  -5.3721508087e-01  -5.1831786452e-01
  -5.0000000000e-01  -5.3721508087e-01  -5.1831786452e-01
  -5.0000000000e-01  -5.3721508087e-01  -5.1831786452e-01
  -5.0000000000e-01  -5.3721508087e-01  -5.1831786452e-01
  -5.0000000000e-01  -5.3721508087e-01  -5.1831786452e-01
  -5.0000000000e-01  -5.3721508087e-01  -5.1831786452e-01
  -5.0000000000e-01  -5.3254118952e-01  -6.5667250234e-01
  -5.0000000000e-01  -5.3254118952e-01  -6.5667250234e-01
  -5.0000000000e-01  -5.3254118952e-01  -6.5667250234e-01
  -5.0000000000e-01  -5.3254118952e-01  -6.5667250234e-01
  -5.0000000000e-01  -5.3254118952e-01  -5.9881350720e-01
  -5.0000000000e-01  -5.3254118952e-01  -5.9881350720e-01
  -5.0000000000e-01  -5.3254118952e-01  -1.8020702018e-01
  -5.0000000000e-01  -5.3254118952e-01  -1.8020702018e-01
  -5.0000000000e-01  -3.7915047015e-01  -8.2034747317e-01
  -5.0000000000e-01  -3.7915047015e-01  -8.2034747317e-01
  -5.0000000000e-01  -3.7915047015e-01   2.9942419397e-02
  -5.0000000000e-01  -3.7915047015e-01   2.9942419397e-02
  -5.0000000000e-01  -3.7915047015e-01   2.9942419397e-02
  -5.0000000000e-01  -3.7915047015e-01   2.9942419397e-02
  -5.0000000000e-01  -3.7915047015e-01  -7.0222920976e-01
  -5.0000000000e-01  -3.7915047015e-01  -7.0222920976e-01
  -5.0000000000e-01  -3.7915047015e-01   2.9942419397e-02
  -5.0000000000e-01  -3.7915047015e-01   2.9942419397e-02
  -5.0000000000e-01  -3.7915047015e-01  -3.9531562722e-01
  -5.0000000000e-01  -3.7915047015e-01  -3.9531562722e-01
  -5.0000000000e-01  -3.7915047015e-01  -9.7086468105e-01
  -5.0000000000e-01  -3.7915047015e-01  -9.7086468105e-01
  -5.0000000000e-01  -3.7915047015e-01   2.9942419397e-02
  -5.0000000000e-01  -3.7915047015e-01   2.9942419397e-02
  -5.0000000000e-01  -4.8388014577e-01   3.0001630944e-02
  -5.0000000000e-01  -4.8388014577e-01   3.0001630944e-02
  -5.0000000000e-01  -4.8388014577e-01   3.0144337048e-02
  -5.0000000000e-01  -4.8388014577e-01   3.0144337048e-02
  -5.0000000000e-01  -4.8388014577e-01   3.0215690100e-02
  -5.0000000000e-01  -4.8388014577e-01   3.0215690100e-02
  -5.0000000000e-01  -4.8388014577e-01   3.0215690100e-02
  -5.0000000000e-01  -4.8388014577e-01   3.0215690100e-02
  -5.0000000000e-01  -4.8388014577e-01  -1.8251429203e-01
  -5.0000000000e-01  -4.8388014577e-01  -1.8251429203e-01
  -5.0000000000e-01  -4.8388014577e-01  -1.8251429203e-01
  -5.0000000000e-01  -4.8388014577e-01  -1.8251429203e-01
  -5.0000000000e-01  -4.8388014577e-01  -5.6791147411e-01
  -5.0000000000e-01  -4.8388014577e-01  -5.6791147411e-01
  -5.0000000000e-01  -4.8388014577e-01  -5.6791147411e-01
  -5.0000000000e-01  -4.8388014577e-01  -5.6791147411e-01
  -5.0000000000e-01  -5.3624498358e-01  -6.1585452490e-01
  -5.0000000000e-01  -5.3624498358e-01  -6.1585452490e-01
  -5.0000000000e-01  -5.3624498358e-01  -6.1585452490e-01
  -5.0000000000e-01  -5.3624498358e-01  -6.1585452490e-01
  -5.0000000000e-01  -5.3624498358e-01  -2.0196954002e-01
  -5.0000000000e-01  -5.3624498358e-01  -2.0196954002e-01
  -5.0000000000e-01  -5.3624498358e-01  -5.8252587053e-01
  -5.0000000000e-01  -5.3624498358e-01  -5.8252587053e-01
  -5.0000000000e-01  -5.3624498358e-01  -3.3645398223e-01
  -5.0000000000e-01  -5.3624498358e-01  -3.3645398223e-01
  -5.0000000000e-01  -5.3624498358e-01  -3.3645398223e-01
  -5.0000000000e-01  -5.3624498358e-01  -3.3645398223e-01
  -5.0000000000e-01  -5.3624498358e-01  -2.0196954002e-01
  -5.0000000000e-01  -5.3624498358e-01  -2.0196954002e-01
  -5.0000000000e-01  -5.3624498358e-01  -5.1586856178e-01
  -5.0000000000e-01  -5.3624498358e-01  -5.1586856178e-01
  -5.0000000000e-01  -3.6381057674e-01  -4.1128312929e-01
  -5.0000000000e-01  -3.6381057674e-01  -4.1128312929e-01
  -5.0000000000e-01  -3.6381057674e-01  -4.1128312929e-01
  -5.0000000000e-01  -3.6381057674e-01  -4.1128312929e-01
  -5.0000000000e-01  -3.6381057674e-01  -7.1428587919e-01
  -5.0000000000e-01  -3.6381057674e-01  -7.1428587919e-01
  -5.0000000000e-01  -3.6381057674e-01  -5.7574645911e-01
  -5.0000000000e-01  -3.6381057674e-01  -5.7574645911e-01
  -5.0000000000e-01  -3.6381057674e-01  -7.1428587919e-01
  -5.0000000000e-01  -3.6381057674e-01  -7.1428587919e-01
  -5.0000000000e-01  -3.6381057674e-01  -2.4681979947e-01
  -5.0000000000e-01  -3.6381057674e-01  -2.4681979947e-01
  -5.0000000000e-01  -3.6381057674e-01  -7.6613369869e-01
  -5.0000000000e-01  -3.6381057674e-01  -7.6613369869e-01
  -5.0000000000e-01  -3.6381057674e-01  -7.6613369869e-01
  -5.0000000000e-01  -3.6381057674e-01  -7.6613369869e-01
  -5.0000000000e-01  -5.6448111255e-01  -9.7086468105e-01
  -5.0000000000e-01  -5.6448111255e-01  -9.7086468105e-01
  -5.0000000000e-01  -5.6448111255e-01  -9.7086468105e-01
  -5.0000000000e-01  -5.6448111255e-01  -9.7086468105e-01
  -5.0000000000e-01  -5.6448111255e-01  -6.5488805052e-01
  -5.0000000000e-01  -5.6448111255e-01  -6.5488805052e-01
  -5.0000000000e-01  -5.6448111255e-01  -6.5488805052e-01
  -5.0000000000e-01  -5.6448111255e-01  -6.5488805052e-01
  -5.0000000000e-01  -5.6448111255e-01  -6.5488805052e-01
  -5.0000000000e-01  -5.6448111255e-01  -6.5488805052e-01
  -5.0000000000e-01  -5.6448111255e-01  -5.9838706507e-01
  -5.0000000000e-01  -5.6448111255e-01  -5.9838706507e-01
  -5.0000000000e-01  -5.6448111255e-01  -5.9838706507e-01
  -5.0000000000e-01  -5.6448111255e-01  -5.9838706507e-01
  -5.0000000000e-01  -5.6448111255e-01  -6.5488805052e-01
  -5.0000000000e-01  -5.6448111255e-01  -6.5488805052e-01
  -5.0000000000e-01  -5.3624498358e-01  -7.0333821030e-01
  -5.0000000000e-01  -5.3624498358e-01  -7.0333821030e-01
  -5.0000000000e-01  -5.3624498358e-01  -7.0333821030e-01
  -5.0000000000e-01  -5.3624498358e-01  -7.0333821030e-01
  -5.0000000000e-01  -5.3624498358e-01  -4.9343591984e-01
  -5.0000000000e-01  -5.3624498358e-01  -4.9343591984e-01
  -5.0000000000e-01  -5.3624498358e-01  -7.0333821030e-01
  -5.0000000000e-01  -5.3624498358e-01  -7.0333821030e-01
  -5.0000000000e-01  -1.3490391196e-01  -2.1705258748e-01
  -5.0000000000e-01  -1.3490391196e-01  -2.1705258748e-01
  -5.0000000000e-01  -1.3490391196e-01  -2.1705258748e-01
  -5.0000000000e-01  -1.3490391196e-01  -2.1705258748e-01
  -5.0000000000e-01  -1.3490391196e-01  -1.7776441207e-01
  -5.0000000000e-01  -1.3490391196e-01  -1.7776441207e-01
  -5.0000000000e-01  -1.3490391196e-01  -1.7776441207e-01
  -5.0000000000e-01  -1.3490391196e-01  -1.7776441207e-01
  -5.0000000000e-01  -5.3709215830e-01  -1.3847623667e-01
  -5.0000000000e-01  -5.3709215830e-01  -1.3847623667e-01
  -5.0000000000e-01  -5.3709215830e-01  -1.0454399150e+00
  -5.0000000000e-01  -5.3709215830e-01  -1.0454399150e+00
  -5.0000000000e-01  -5.3709215830e-01  -1.3847623667e-01
  -5.0000000000e-01  -5.3709215830e-01  -1.3847623667e-01
  -5.0000000000e-01  -5.3709215830e-01  -3.6962816574e-01
  -5.0000000000e-01  -5.3709215830e-01  -3.6962816574e-01
  -5.0000000000e-01  -5.3709215830e-01  -2.5405220121e-01
  -5.0000000000e-01  -5.3709215830e-01  -2.5405220121e-01
  -5.0000000000e-01  -5.3709215830e-01  -2.5405220121e-01
  -5.0000000000e-01  -5.3709215830e-01  -2.5405220121e-01
  -5.0000000000e-01  -5.3709215830e-01  -5.9195807586e-01
  -5.0000000000e-01  -5.3709215830e-01  -5.9195807586e-01
  -5.0000000000e-01  -5.3709215830e-01  -5.9195807586e-01
  -5.0000000000e-01  -5.3709215830e-01  -5.9195807586e-01
  -5.0000000000e-01  -5.3709215830e-01  -1.7759207314e-01
  -5.0000000000e-01  -5.3709215830e-01  -1.7759207314e-01
  -5.0000000000e-01  -5.3709215830e-01  -1.7759207314e-01
  -5.0000000000e-01  -5.3709215830e-01  -1.7759207314e-01
  -5.0000000000e-01  -5.3709215830e-01  -1.0989907944e+00
  -5.0000000000e-01  -5.3709215830e-01  -1.0989907944e+00
  -5.0000000000e-01  -5.3709215830e-01  -1.0989907944e+00
  -5.0000000000e-01  -5.3709215830e-01  -1.0989907944e+00
  -5.0000000000e-01  -5.3709215830e-01  -1.7759207314e-01
  -5.0000000000e-01  -5.3709215830e-01  -1.7759207314e-01
  -5.0000000000e-01  -5.3709215830e-01  -1.7759207314e-01
  -5.0000000000e-01  -5.3709215830e-01  -1.7759207314e-01
  -5.0000000000e-01  -5.3709215830e-01  -1.0989907944e+00
  -5.0000000000e-01  -5.3709215830e-01  -1.0989907944e+00
  -5.0000000000e-01  -5.3709215830e-01  -1.0989907944e+00
  -5.0000000000e-01  -5.3709215830e-01  -1.0989907944e+00
   5.0000000000e-01  -1.5474286219e-01  -1.1264073823e-01
   5.0000000000e-01  -1.5474286219e-01  -1.1264073823e-01
   5.0000000000e-01  -1.5474286219e-01  -1.1264073823e-01
   5.0000000000e-01  -1.5474286219e-01  -1.1264073823e-01
   5.0000000000e-01  -1.5474286219e-01  -6.2682877681e-02
   5.0000000000e-01  -1.5474286219e-01  -6.2682877681e-02
   5.0000000000e-01  -1.5474286219e-01  -1.6259859878e-01
   5.0000000000e-01  -1.5474286219e-01  -1.6259859878e-01
   5.0000000000e-01   1.7426454494e-01   1.7627826750e-02
   5.0000000000e-01   1.7426454494e-01   1.7627826750e-02
   5.0000000000e-01   1.7426454494e-01  -1.5666325918e-01
   5.0000000000e-01   1.7426454494e-01  -1.5666325918e-01
   5.0000000000e-01   1.7426454494e-01   5.8502185236e-01
   5.0000000000e-01   1.7426454494e-01   5.8502185236e-01
   5.0000000000e-01   1.7426454494e-01   5.8502185236e-01
   5.0000000000e-01   1.7426454494e-01   5.8502185236e-01
   5.0000000000e-01   9.7608413732e-03  -1.2761474486e-01
   5.0000000000e-01   9.7608413732e-03  -1.2761474486e-01
   5.0000000000e-01   9.7608413732e-03  -1.2761474486e-01
   5.0000000000e-01   9.7608413732e-03  -1.2761474486e-01
   5.0000000000e-01   9.7608413732e-03  -8.8129483749e-03
   5.0000000000e-01   9.7608413732e-03  -8.8129483749e-03
   5.0000000000e-01   9.7608413732e-03   1.8331533706e-02
   5.0000000000e-01   9.7608413732e-03   1.8331533706e-02
   5.0000000000e-01   9.7608413732e-03   9.5749127454e-02
   5.0000000000e-01   9.7608413732e-03   9.5749127454e-02
   5.0000000000e-01   9.7608413732e-03   9.5749127454e-02
   5.0000000000e-01   9.7608413732e-03   9.5749127454e-02
   5.0000000000e-01   9.7608413732e-03   1.8331533706e-02
   5.0000000000e-01   9.7608413732e-03   1.8331533706e-02
   5.0000000000e-01   9.7608413732e-03  -8.8129483749e-03
   5.0000000000e-01   9.7608413732e-03  -8.8129483749e-03
   5.0000000000e-01   1.7426454494e-01   2.6341659613e-01
   5.0000000000e-01   1.7426454494e-01   2.6341659613e-01
   5.0000000000e-01   1.7426454494e-01   2.6341659613e-01
   5.0000000000e-01   1.7426454494e-01   2.6341659613e-01
   5.0000000000e-01   1.7426454494e-01  -1.2130042855e-02
   5.0000000000e-01   1.7426454494e-01  -1.2130042855e-02
   5.0000000000e-01   1.7426454494e-01  -1.2130042855e-02
   5.0000000000e-01   1.7426454494e-01  -1.2130042855e-02
   5.0000000000e-01   1.7426454494e-01  -1.2130042855e-02
   5.0000000000e-01   1.7426454494e-01  -1.2130042855e-02
   5.0000000000e-01   1.7426454494e-01   4.1776770662e-01
   5.0000000000e-01   1.7426454494e-01   4.1776770662e-01
   5.0000000000e-01   1.7426454494e-01  -1.2130042855e-02
   5.0000000000e-01   1.7426454494e-01  -1.2130042855e-02
   5.0000000000e-01   1.7426454494e-01   4.1776770662e-01
   5.0000000000e-01   1.7426454494e-01   4.1776770662e-01
   5.0000000000e-01   5.0327195206e-01   6.8803628322e-01
   5.0000000000e-01   5.0327195206e-01   6.8803628322e-01
   5.0000000000e-01   5.0327195206e-01   6.8803628322e-01
   5.0000000000e-01   5.0327195206e-01   6.8803628322e-01
   5.0000000000e-01   5.0327195206e-01   4.9412804245e-01
   5.0000000000e-01   5.0327195206e-01   4.9412804245e-01
   5.0000000000e-01   5.0327195206e-01   4.9412804245e-01
   5.0000000000e-01   5.0327195206e-01   4.9412804245e-01
   5.0000000000e-01   5.0327195206e-01   6.8803628322e-01
   5.0000000000e-01   5.0327195206e-01   6.8803628322e-01
   5.0000000000e-01   5.0327195206e-01   1.1946195136e-01
   5.0000000000e-01   5.0327195206e-01   1.1946195136e-01
   5.0000000000e-01   5.0327195206e-01   6.2743462408e-01
   5.0000000000e-01   5.0327195206e-01   6.2743462408e-01
   5.0000000000e-01   5.0327195206e-01   6.8803628322e-01
   5.0000000000e-01   5.0327195206e-01   6.8803628322e-01
   5.0000000000e-01   1.1573601208e+00   1.1327317389e+00
   5.0000000000e-01   1.1573601208e+00   1.1327317389e+00
   5.0000000000e-01   1.1573601208e+00   1.1327317389e+00
   5.0000000000e-01   1.1573601208e+00   1.1327317389e+00
   5.0000000000e-01   1.1573601208e+00   1.1295376519e+00
   5.0000000000e-01   1.1573601208e+00   1.1295376519e+00
   5.0000000000e-01   1.1573601208e+00   1.1295376519e+00
   5.0000000000e-01   1.1573601208e+00   1.1295376519e+00
   5.0000000000e-01   1.1573601208e+00   1.1326322393e+00
   5.0000000000e-01   1.1573601208e+00   1.1326322393e+00
   5.0000000000e-01   1.1573601208e+00   1.1326322393e+00
   5.0000000000e-01   1.1573601208e+00   1.1326322393e+00
   5.0000000000e-01   1.1573601208e+00   1.1326244269e+00
   5.0000000000e-01   1.1573601208e+00   1.1326244269e+00
   5.0000000000e-01   1.1573601208e+00   1.1295630490e+00
   5.0000000000e-01   1.1573601208e+00   1.1295630490e+00
   5.0000000000e-01   5.0327195206e-01   3.3351898684e-01
   5.0000000000e-01   5.0327195206e-01   3.3351898684e-01
   5.0000000000e-01   5.0327195206e-01   3.3351898684e-01
   5.0000000000e-01   5.0327195206e-01   3.3351898684e-01
   5.0000000000e-01   5.0327195206e-01   5.7265417086e-01
   5.0000000000e-01   5.0327195206e-01   5.7265417086e-01
   5.0000000000e-01   5.0327195206e-01   5.7265417086e-01
   5.0000000000e-01   5.0327195206e-01   5.7265417086e-01
   5.0000000000e-01   5.0327195206e-01   6.5459634150e-01
   5.0000000000e-01   5.0327195206e-01   6.5459634150e-01
   5.0000000000e-01   5.0327195206e-01   6.8316091054e-01
   5.0000000000e-01   5.0327195206e-01   6.8316091054e-01
   5.0000000000e-01   5.0327195206e-01   6.8316091054e-01
   5.0000000000e-01   5.0327195206e-01   6.8316091054e-01
   5.0000000000e-01   5.0327195206e-01   6.5459634150e-01
   5.0000000000e-01   5.0327195206e-01   6.5459634150e-01
   5.0000000000e-01   5.0327195206e-01   5.7411517192e-01
   5.0000000000e-01   5.0327195206e-01   5.7411517192e-01
   5.0000000000e-01   5.0327195206e-01   7.0199002410e-01
   5.0000000000e-01   5.0327195206e-01   7.0199002410e-01
   5.0000000000e-01   5.0327195206e-01   5.7411517192e-01
   5.0000000000e-01   5.0327195206e-01   5.7411517192e-01
   5.0000000000e-01   5.0327195206e-01   8.2986487628e-01
   5.0000000000e-01   5.0327195206e-01   8.2986487628e-01
   5.0000000000e-01   5.0327195206e-01   8.2986487628e-01
   5.0000000000e-01   5.0327195206e-01   8.2986487628e-01
   5.0000000000e-01   5.0327195206e-01   8.2986487628e-01
   5.0000000000e-01   5.0327195206e-01   8.2986487628e-01
   5.0000000000e-01   5.0327195206e-01   5.7411517192e-01
   5.0000000000e-01   5.0327195206e-01   5.7411517192e-01
   5.0000000000e-01   5.0327195206e-01   7.0199002410e-01
   5.0000000000e-01   5.0327195206e-01   7.0199002410e-01
   5.0000000000e-01   1.1573601208e+00   1.1303322997e+00
   5.0000000000e-01   1.1573601208e+00   1.1303322997e+00
   5.0000000000e-01   1.1573601208e+00   1.1303322997e+00
   5.0000000000e-01   1.1573601208e+00   1.1303322997e+00
   5.0000000000e-01   1.1573601208e+00   1.1303322997e+00
   5.0000000000e-01   1.1573601208e+00   1.1303322997e+00
   5.0000000000e-01   1.1573601208e+00   1.1303322997e+00
   5.0000000000e-01   1.1573601208e+00   1.1303322997e+00
   5.0000000000e-01   1.1573601208e+00   1.1295376519e+00
   5.0000000000e-01   1.1573601208e+00   1.1295376519e+00
   5.0000000000e-01   1.1573601208e+00   1.1295376519e+00
   5.0000000000e-01   1.1573601208e+00   1.1295376519e+00
   5.0000000000e-01   1.1573601208e+00   1.1323181155e+00
   5.0000000000e-01   1.1573601208e+00   1.1323181155e+00
   5.0000000000e-01   1.1573601208e+00   1.1323181155e+00
   5.0000000000e-01   1.1573601208e+00   1.1323181155e+00
   5.0000000000e-01   5.0142633717e-01   5.0592230131e-01
   5.0000000000e-01   5.0142633717e-01   5.0592230131e-01
   5.0000000000e-01   5.0142633717e-01   5.0592230131e-01
   5.0000000000e-01   5.0142633717e-01   5.0592230131e-01
   5.0000000000e-01   5.0142633717e-01  -1.1708701095e-01
   5.0000000000e-01   5.0142633717e-01  -1.1708701095e-01
   5.0000000000e-01   5.0142633717e-01   1.1289316136e+00
   5.0000000000e-01   5.0142633717e-01   1.1289316136e+00
   5.0000000000e-01   1.7376910679e-01  -3.9248493265e-02
   5.0000000000e-01   1.7376910679e-01  -3.9248493265e-02
   5.0000000000e-01   1.7376910679e-01  -3.9248493265e-02
   5.0000000000e-01   1.7376910679e-01  -3.9248493265e-02
   5.0000000000e-01   1.7376910679e-01  -1.2259927568e-01
   5.0000000000e-01   1.7376910679e-01  -1.2259927568e-01
   5.0000000000e-01   1.7376910679e-01  -1.2259927568e-01
   5.0000000000e-01   1.7376910679e-01  -1.2259927568e-01
   5.0000000000e-01  -1.5388812358e-01  -8.6982606299e-02
   5.0000000000e-01  -1.5388812358e-01  -8.6982606299e-02
   5.0000000000e-01  -1.5388812358e-01  -7.1989996603e-03
   5.0000000000e-01  -1.5388812358e-01  -7.1989996603e-03
   5.0000000000e-01  -1.5388812358e-01  -7.1989996603e-03
   5.0000000000e-01  -1.5388812358e-01  -7.1989996603e-03
   5.0000000000e-01  -1.5388812358e-01  -8.6982606299e-02
   5.0000000000e-01  -1.5388812358e-01  -8.6982606299e-02
   5.0000000000e-01   1.7376910679e-01  -1.5953870727e-01
   5.0000000000e-01   1.7376910679e-01  -1.5953870727e-01
   5.0000000000e-01   1.7376910679e-01   4.8465750597e-01
   5.0000000000e-01   1.7376910679e-01   4.8465750597e-01
   5.0000000000e-01   1.7376910679e-01   4.8465750597e-01
   5.0000000000e-01   1.7376910679e-01   4.8465750597e-01
   5.0000000000e-01   1.7376910679e-01   1.1288537192e+00
   5.0000000000e-01   1.7376910679e-01   1.1288537192e+00
   5.0000000000e-01   8.2926131327e-01   5.0753840117e-01
   5.0000000000e-01   8.2926131327e-01   5.0753840117e-01
   5.0000000000e-01   8.2926131327e-01   5.0753840117e-01
   5.0000000000e-01   8.2926131327e-01   5.0753840117e-01
   5.0000000000e-01   8.2926131327e-01   1.1286200361e+00
   5.0000000000e-01   8.2926131327e-01   1.1286200361e+00
   5.0000000000e-01   8.2926131327e-01   1.1292639227e+00
   5.0000000000e-01   8.2926131327e-01   1.1292639227e+00
   5.0000000000e-01   8.2926131327e-01  -1.1449187654e-01
   5.0000000000e-01   8.2926131327e-01  -1.1449187654e-01
   5.0000000000e-01   8.2926131327e-01   1.1295686789e+00
   5.0000000000e-01   8.2926131327e-01   1.1295686789e+00
   5.0000000000e-01   8.2926131327e-01   1.1286200361e+00
   5.0000000000e-01   8.2926131327e-01   1.1286200361e+00
   5.0000000000e-01   8.2926131327e-01   1.1298734350e+00
   5.0000000000e-01   8.2926131327e-01   1.1298734350e+00
   5.0000000000e-01   8.2926131327e-01   7.1830749923e-01
   5.0000000000e-01   8.2926131327e-01   7.1830749923e-01
   5.0000000000e-01   8.2926131327e-01   1.1300145117e+00
   5.0000000000e-01   8.2926131327e-01   1.1300145117e+00
   5.0000000000e-01   8.2926131327e-01   3.3785733167e-02
   5.0000000000e-01   8.2926131327e-01   3.3785733167e-02
   5.0000000000e-01   8.2926131327e-01   7.1830749923e-01
   5.0000000000e-01   8.2926131327e-01   7.1830749923e-01
   5.0000000000e-01   8.2926131327e-01   1.1291391921e+00
   5.0000000000e-01   8.2926131327e-01   1.1291391921e+00
   5.0000000000e-01   8.2926131327e-01   1.1291391921e+00
   5.0000000000e-01   8.2926131327e-01   1.1291391921e+00
   5.0000000000e-01   8.2926131327e-01   9.9243883403e-01
   5.0000000000e-01   8.2926131327e-01   9.9243883403e-01
   5.0000000000e-01   8.2926131327e-01   9.9243883403e-01
   5.0000000000e-01   8.2926131327e-01   9.9243883403e-01
   5.0000000000e-01  -1.5361920842e-01  -2.3153277572e-01
   5.0000000000e-01  -1.5361920842e-01  -2.3153277572e-01
   5.0000000000e-01  -1.5361920842e-01  -2.5923108821e-01
   5.0000000000e-01  -1.5361920842e-01  -2.5923108821e-01
   5.0000000000e-01  -1.5361920842e-01  -2.5923108821e-01
   5.0000000000e-01  -1.5361920842e-01  -2.5923108821e-01
   5.0000000000e-01  -1.5361920842e-01  -2.3153277572e-01
   5.0000000000e-01  -1.5361920842e-01  -2.3153277572e-01
   5.0000000000e-01   5.0147115636e-01   1.9631514070e-01
   5.0000000000e-01   5.0147115636e-01   1.9631514070e-01
   5.0000000000e-01   5.0147115636e-01   1.9631514070e-01
   5.0000000000e-01   5.0147115636e-01   1.9631514070e-01
   5.0000000000e-01   5.0147115636e-01   9.5277389753e-01
   5.0000000000e-01   5.0147115636e-01   9.5277389753e-01
   5.0000000000e-01   5.0147115636e-01   4.2648819580e-01
   5.0000000000e-01   5.0147115636e-01   4.2648819580e-01
   5.0000000000e-01   1.7392597397e-01  -1.4021900226e-01
   5.0000000000e-01   1.7392597397e-01  -1.4021900226e-01
   5.0000000000e-01   1.7392597397e-01  -1.4021900226e-01
   5.0000000000e-01   1.7392597397e-01  -1.4021900226e-01
   5.0000000000e-01   1.7392597397e-01   5.3852615086e-02
   5.0000000000e-01   1.7392597397e-01   5.3852615086e-02
   5.0000000000e-01   1.7392597397e-01   5.3852615086e-02
   5.0000000000e-01   1.7392597397e-01   5.3852615086e-02
   5.0000000000e-01   1.7392597397e-01   6.0191676304e-01
   5.0000000000e-01   1.7392597397e-01   6.0191676304e-01
   5.0000000000e-01   1.7392597397e-01   3.8200311592e-01
   5.0000000000e-01   1.7392597397e-01   3.8200311592e-01
   5.0000000000e-01   1.7392597397e-01  -3.3857914399e-02
   5.0000000000e-01   1.7392597397e-01  -3.3857914399e-02
   5.0000000000e-01   1.7392597397e-01   6.0191676304e-01
   5.0000000000e-01   1.7392597397e-01   6.0191676304e-01
   5.0000000000e-01   9.1097024591e-01   1.1288510231e+00
   5.0000000000e-01   9.1097024591e-01   1.1288510231e+00
   5.0000000000e-01   9.1097024591e-01   1.1288510231e+00
   5.0000000000e-01   9.1097024591e-01   1.1288510231e+00
   5.0000000000e-01   9.1097024591e-01   1.1290494126e+00
   5.0000000000e-01   9.1097024591e-01   1.1290494126e+00
   5.0000000000e-01   9.1097024591e-01   1.1290494126e+00
   5.0000000000e-01   9.1097024591e-01   1.1290494126e+00
   5.0000000000e-01   9.1097024591e-01   8.0381099464e-01
   5.0000000000e-01   9.1097024591e-01   8.0381099464e-01
   5.0000000000e-01   9.1097024591e-01   8.0381099464e-01
   5.0000000000e-01   9.1097024591e-01   8.0381099464e-01
   5.0000000000e-01   9.1097024591e-01   8.0390336453e-01
   5.0000000000e-01   9.1097024591e-01   8.0390336453e-01
   5.0000000000e-01   9.1097024591e-01   8.0390336453e-01
   5.0000000000e-01   9.1097024591e-01   8.0390336453e-01
   5.0000000000e-01   7.4717061009e-01   9.6625249412e-01
   5.0000000000e-01   7.4717061009e-01   9.6625249412e-01
   5.0000000000e-01   7.4717061009e-01   9.6625249412e-01
   5.0000000000e-01   7.4717061009e-01   9.6625249412e-01
   5.0000000000e-01   7.4717061009e-01   9.6625249412e-01
   5.0000000000e-01   7.4717061009e-01   9.6625249412e-01
   5.0000000000e-01   7.4717061009e-01   9.6625249412e-01
   5.0000000000e-01   7.4717061009e-01   9.6625249412e-01
   5.0000000000e-01   7.4717061009e-01  -1.7085926665e-01
   5.0000000000e-01   7.4717061009e-01  -1.7085926665e-01
   5.0000000000e-01   7.4717061009e-01  -1.7085926665e-01
   5.0000000000e-01   7.4717061009e-01  -1.7085926665e-01
   5.0000000000e-01   7.4717061009e-01   8.0394830160e-01
   5.0000000000e-01   7.4717061009e-01   8.0394830160e-01
   5.0000000000e-01   7.4717061009e-01   8.0394830160e-01
   5.0000000000e-01   7.4717061009e-01   8.0394830160e-01
   1.5000000000e+00   1.5045945183e+00   1.6704754294e+00
   1.5000000000e+00   1.5045945183e+00   1.6704754294e+00
   1.5000000000e+00   1.5045945183e+00   1.2678757030e+00
   1.5000000000e+00   1.5045945183e+00   1.2678757030e+00
   1.5000000000e+00   1.5045945183e+00   1.6704754294e+00
   1.5000000000e+00   1.5045945183e+00   1.6704754294e+00
   1.5000000000e+00   1.5045945183e+00   1.2678757030e+00
   1.5000000000e+00   1.5045945183e+00   1.2678757030e+00
   1.5000000000e+00   1.5045945183e+00   1.2678778053e+00
   1.5000000000e+00   1.5045945183e+00   1.2678778053e+00
   1.5000000000e+00   1.5045945183e+00   1.2678778053e+00
   1.5000000000e+00   1.5045945183e+00   1.2678778053e+00
   1.5000000000e+00   1.5045945183e+00   1.9559152249e+00
   1.5000000000e+00   1.5045945183e+00   1.9559152249e+00
   1.5000000000e+00   1.5045945183e+00   1.6133874702e+00
   1.5000000000e+00   1.5045945183e+00   1.6133874702e+00
   1.5000000000e+00   1.5045945183e+00   1.2678809587e+00
   1.5000000000e+00   1.5045945183e+00   1.2678809587e+00
   1.5000000000e+00   1.5045945183e+00   1.2678809587e+00
   1.5000000000e+00   1.5045945183e+00   1.2678809587e+00
   1.5000000000e+00   1.5045945183e+00   1.2707840301e+00
   1.5000000000e+00   1.5045945183e+00   1.2707840301e+00
   1.5000000000e+00   1.5045945183e+00   1.2707840301e+00
   1.5000000000e+00   1.5045945183e+00   1.2707840301e+00
   1.5000000000e+00   1.5045945183e+00   1.7276582012e+00
   1.5000000000e+00   1.5045945183e+00   1.7276582012e+00
   1.5000000000e+00   1.5045945183e+00   1.7276582012e+00
   1.5000000000e+00   1.5045945183e+00   1.7276582012e+00
   1.5000000000e+00   1.5045945183e+00   1.4992132837e+00
   1.5000000000e+00   1.5045945183e+00   1.4992132837e+00
   1.5000000000e+00   1.5045945183e+00   1.4992289476e+00
   1.5000000000e+00   1.5045945183e+00   1.4992289476e+00
   1.5000000000e+00   1.5045945183e+00   1.4992079246e+00
   1.5000000000e+00   1.5045945183e+00   1.4992079246e+00
   1.5000000000e+00   1.5045945183e+00   1.2678809587e+00
   1.5000000000e+00   1.5045945183e+00   1.2678809587e+00
   1.5000000000e+00   1.5045945183e+00   1.3835444417e+00
   1.5000000000e+00   1.5045945183e+00   1.3835444417e+00
   1.5000000000e+00   1.5045945183e+00   1.3835444417e+00
   1.5000000000e+00   1.5045945183e+00   1.3835444417e+00
   1.5000000000e+00   1.4665003379e+00   1.3948596590e+00
   1.5000000000e+00   1.4665003379e+00   1.3948596590e+00
   1.5000000000e+00   1.4665003379e+00   1.3859708428e+00
   1.5000000000e+00   1.4665003379e+00   1.3859708428e+00
   1.5000000000e+00   1.4665003379e+00   1.3859708428e+00
   1.5000000000e+00   1.4665003379e+00   1.3859708428e+00
   1.5000000000e+00   1.4665003379e+00   1.3948596590e+00
   1.5000000000e+00   1.4665003379e+00   1.3948596590e+00
   1.5000000000e+00   1.4665003379e+00   1.3729051804e+00
   1.5000000000e+00   1.4665003379e+00   1.3729051804e+00
   1.5000000000e+00   1.4665003379e+00   1.3619279411e+00
   1.5000000000e+00   1.4665003379e+00   1.3619279411e+00
   1.5000000000e+00   1.4665003379e+00   1.3729051804e+00
   1.5000000000e+00   1.4665003379e+00   1.3729051804e+00
   1.5000000000e+00   1.4665003379e+00   1.3619279411e+00
   1.5000000000e+00   1.4665003379e+00   1.3619279411e+00
   1.5000000000e+00   1.5045945183e+00   1.8417351021e+00
   1.5000000000e+00   1.5045945183e+00   1.8417351021e+00
   1.5000000000e+00   1.5045945183e+00   1.8417351021e+00
   1.5000000000e+00   1.5045945183e+00   1.8417351021e+00
   1.5000000000e+00   1.5045945183e+00   1.6133880475e+00
   1.5000000000e+00   1.5045945183e+00   1.6133880475e+00
   1.5000000000e+00   1.5045945183e+00   1.6133880475e+00
   1.5000000000e+00   1.5045945183e+00   1.6133880475e+00
   1.5000000000e+00   1.4825161819e+00   1.5867206024e+00
   1.5000000000e+00   1.4825161819e+00   1.5867206024e+00
   1.5000000000e+00   1.4825161819e+00   1.5867206024e+00
   1.5000000000e+00   1.4825161819e+00   1.5867206024e+00
   1.5000000000e+00   1.4825161819e+00   1.4483658910e+00
   1.5000000000e+00   1.4825161819e+00   1.4483658910e+00
   1.5000000000e+00   1.4825161819e+00   1.3269301899e+00
   1.5000000000e+00   1.4825161819e+00   1.3269301899e+00
   1.5000000000e+00   1.4825161819e+00   1.3269301899e+00
   1.5000000000e+00   1.4825161819e+00   1.3269301899e+00
   1.5000000000e+00   1.4825161819e+00   1.3269301899e+00
   1.5000000000e+00   1.4825161819e+00   1.3269301899e+00
   1.5000000000e+00   1.4825161819e+00   1.5867206024e+00
   1.5000000000e+00   1.4825161819e+00   1.5867206024e+00
   1.5000000000e+00   1.4825161819e+00   1.5867206024e+00
   1.5000000000e+00   1.4825161819e+00   1.5867206024e+00
   1.5000000000e+00   1.4825161819e+00   1.3572891151e+00
   1.5000000000e+00   1.4825161819e+00   1.3572891151e+00
   1.5000000000e+00   1.4825161819e+00   1.3572891151e+00
   1.5000000000e+00   1.4825161819e+00   1.3572891151e+00
   1.5000000000e+00   1.4825161819e+00   1.3269301899e+00
   1.5000000000e+00   1.4825161819e+00   1.3269301899e+00
   1.5000000000e+00   1.4825161819e+00   1.3876480404e+00
   1.5000000000e+00   1.4825161819e+00   1.3876480404e+00
   1.5000000000e+00   1.4825161819e+00   1.3269301899e+00
   1.5000000000e+00   1.4825161819e+00   1.3269301899e+00
   1.5000000000e+00   1.4825161819e+00   1.3510637549e+00
   1.5000000000e+00   1.4825161819e+00   1.3510637549e+00
   1.5000000000e+00   1.4825161819e+00   1.4362991084e+00
   1.5000000000e+00   1.4825161819e+00   1.4362991084e+00
   1.5000000000e+00   1.4825161819e+00   1.4362991084e+00
   1.5000000000e+00   1.4825161819e+00   1.4362991084e+00
   1.5000000000e+00   1.4855474281e+00   1.3852524337e+00
   1.5000000000e+00   1.4855474281e+00   1.3852524337e+00
   1.5000000000e+00   1.4855474281e+00   1.5837086940e+00
   1.5000000000e+00   1.4855474281e+00   1.5837086940e+00
   1.5000000000e+00   1.4855474281e+00   1.5837086940e+00
   1.5000000000e+00   1.4855474281e+00   1.5837086940e+00
   1.5000000000e+00   1.4855474281e+00   1.3852524337e+00
   1.5000000000e+00   1.4855474281e+00   1.3852524337e+00
   1.5000000000e+00   1.4855474281e+00   1.4658054384e+00
   1.5000000000e+00   1.4855474281e+00   1.4658054384e+00
   1.5000000000e+00   1.4855474281e+00   1.6921920637e+00
   1.5000000000e+00   1.4855474281e+00   1.6921920637e+00
   1.5000000000e+00   1.4855474281e+00   1.6921920637e+00
   1.5000000000e+00   1.4855474281e+00   1.6921920637e+00
   1.5000000000e+00   1.4855474281e+00   1.4658054384e+00
   1.5000000000e+00   1.4855474281e+00   1.4658054384e+00
   1.5000000000e+00   1.4855474281e+00   1.3852524337e+00
   1.5000000000e+00   1.4855474281e+00   1.3852524337e+00
   1.5000000000e+00   1.4855474281e+00   1.4658054384e+00
   1.5000000000e+00   1.4855474281e+00   1.4658054384e+00
   1.5000000000e+00   1.4855474281e+00   1.4255289360e+00
   1.5000000000e+00   1.4855474281e+00   1.4255289360e+00
   1.5000000000e+00   1.4855474281e+00   1.4255289360e+00
   1.5000000000e+00   1.4855474281e+00   1.4255289360e+00
   1.5000000000e+00   1.4855474281e+00   1.4141278931e+00
   1.5000000000e+00   1.4855474281e+00   1.4141278931e+00
   1.5000000000e+00   1.4855474281e+00   1.4141278931e+00
   1.5000000000e+00   1.4855474281e+00   1.4141278931e+00
   1.5000000000e+00   1.4855474281e+00   1.4123732761e+00
   1.5000000000e+00   1.4855474281e+00   1.4123732761e+00
   1.5000000000e+00   1.4855474281e+00   1.4123732761e+00
   1.5000000000e+00   1.4855474281e+00   1.4123732761e+00
   1.1250000000e+00   1.1030033368e+00   1.3831170338e+00
   1.1250000000e+00   1.1030033368e+00   1.3831170338e+00
   1.1250000000e+00   1.1030033368e+00   1.5074145533e+00
   1.1250000000e+00   1.1030033368e+00   1.5074145533e+00
   1.1250000000e+00   1.1030033368e+00   1.2554406998e+00
   1.1250000000e+00   1.1030033368e+00   1.2554406998e+00
   1.1250000000e+00   1.1030033368e+00   1.2554406998e+00
   1.1250000000e+00   1.1030033368e+00   1.2554406998e+00
   1.1250000000e+00   1.1030033368e+00   1.0488237307e+00
   1.1250000000e+00   1.1030033368e+00   1.0488237307e+00
   1.1250000000e+00   1.1030033368e+00   1.0449414174e+00
   1.1250000000e+00   1.1030033368e+00   1.0449414174e+00
   1.1250000000e+00   1.1030033368e+00   1.1917079720e+00
   1.1250000000e+00   1.1030033368e+00   1.1917079720e+00
   1.1250000000e+00   1.1030033368e+00   1.1917079720e+00
   1.1250000000e+00   1.1030033368e+00   1.1917079720e+00
   1.1250000000e+00   1.0642502907e+00   1.0498680928e+00
   1.1250000000e+00   1.0642502907e+00   1.0498680928e+00
   1.1250000000e+00   1.0642502907e+00   1.0498680928e+00
   1.1250000000e+00   1.0642502907e+00   1.0498680928e+00
   1.1250000000e+00   1.0642502907e+00   8.8059011928e-01
   1.1250000000e+00   1.0642502907e+00   8.8059011928e-01
   1.1250000000e+00   1.0642502907e+00   8.8059011928e-01
   1.1250000000e+00   1.0642502907e+00   8.8059011928e-01
   1.1250000000e+00   1.0642502907e+00   8.8059011928e-01
   1.1250000000e+00   1.0642502907e+00   8.8059011928e-01
   1.1250000000e+00   1.0642502907e+00   1.4716678443e+00
   1.1250000000e+00   1.0642502907e+00   1.4716678443e+00
   1.1250000000e+00   1.0642502907e+00   8.8183853256e-01
   1.1250000000e+00   1.0642502907e+00   8.8183853256e-01
   1.1250000000e+00   1.0642502907e+00   1.4716678443e+00
   1.1250000000e+00   1.0642502907e+00   1.4716678443e+00
   1.1250000000e+00   1.2675554066e+00   1.3602159511e+00
   1.1250000000e+00   1.2675554066e+00   1.3602159511e+00
   1.1250000000e+00   1.2675554066e+00   8.7905758461e-01
   1.1250000000e+00   1.2675554066e+00   8.7905758461e-01
   1.1250000000e+00   1.2675554066e+00   1.5218298162e+00
   1.1250000000e+00   1.2675554066e+00   1.5218298162e+00
   1.1250000000e+00   1.2675554066e+00   1.3602159511e+00
   1.1250000000e+00   1.2675554066e+00   1.3602159511e+00
   1.1250000000e+00   1.4368279602e+00   1.6464478421e+00
   1.1250000000e+00   1.4368279602e+00   1.6464478421e+00
   1.1250000000e+00   1.4368279602e+00   8.7691566854e-01
   1.1250000000e+00   1.4368279602e+00   8.7691566854e-01
   1.1250000000e+00   1.4368279602e+00   1.6464478421e+00
   1.1250000000e+00   1.4368279602e+00   1.6464478421e+00
   1.1250000000e+00   1.4368279602e+00   8.7691566854e-01
   1.1250000000e+00   1.4368279602e+00   8.7691566854e-01
   1.1250000000e+00   1.0982828529e+00   1.0527725491e+00
   1.1250000000e+00   1.0982828529e+00   1.0527725491e+00
   1.1250000000e+00   1.0982828529e+00   1.0527725491e+00
   1.1250000000e+00   1.0982828529e+00   1.0527725491e+00
   1.1250000000e+00   1.0982828529e+00   1.0465369138e+00
   1.1250000000e+00   1.0982828529e+00   1.0465369138e+00
   1.1250000000e+00   1.0982828529e+00   1.0465369138e+00
   1.1250000000e+00   1.0982828529e+00   1.0465369138e+00
   1.1250000000e+00   1.2675554066e+00   1.6080665513e+00
   1.1250000000e+00   1.2675554066e+00   1.6080665513e+00
   1.1250000000e+00   1.2675554066e+00   1.5218298162e+00
   1.1250000000e+00   1.2675554066e+00   1.5218298162e+00
   1.1250000000e+00   1.2675554066e+00   1.4494291793e+00
   1.1250000000e+00   1.2675554066e+00   1.4494291793e+00
   1.1250000000e+00   1.2675554066e+00   1.4494291793e+00
   1.1250000000e+00   1.2675554066e+00   1.4494291793e+00
   1.1250000000e+00   9.7221225338e-01   9.0728735227e-01
   1.1250000000e+00   9.7221225338e-01   9.0728735227e-01
   1.1250000000e+00   9.7221225338e-01   9.2524333763e-01
   1.1250000000e+00   9.7221225338e-01   9.2524333763e-01
   1.1250000000e+00   9.7221225338e-01   9.2524333763e-01
   1.1250000000e+00   9.7221225338e-01   9.2524333763e-01
   1.1250000000e+00   9.7221225338e-01   9.0728735227e-01
   1.1250000000e+00   9.7221225338e-01   9.0728735227e-01
   1.1250000000e+00   9.6322713369e-01   9.6950556113e-01
   1.1250000000e+00   9.6322713369e-01   9.6950556113e-01
   1.1250000000e+00   9.6322713369e-01   9.0968570951e-01
   1.1250000000e+00   9.6322713369e-01   9.0968570951e-01
   1.1250000000e+00   9.6322713369e-01   9.0968570951e-01
   1.1250000000e+00   9.6322713369e-01   9.0968570951e-01
   1.1250000000e+00   9.6322713369e-01   9.6950556113e-01
   1.1250000000e+00   9.6322713369e-01   9.6950556113e-01
   1.1250000000e+00   9.7221225338e-01   9.3870028715e-01
   1.1250000000e+00   9.7221225338e-01   9.3870028715e-01
   1.1250000000e+00   9.7221225338e-01   9.2120104329e-01
   1.1250000000e+00   9.7221225338e-01   9.2120104329e-01
   1.1250000000e+00   9.7221225338e-01   9.1649371570e-01
   1.1250000000e+00   9.7221225338e-01   9.1649371570e-01
   1.1250000000e+00   9.7221225338e-01   9.1649371570e-01
   1.1250000000e+00   9.7221225338e-01   9.1649371570e-01
   1.1250000000e+00   9.6322713369e-01   9.3949693195e-01
   1.1250000000e+00   9.6322713369e-01   9.3949693195e-01
   1.1250000000e+00   9.6322713369e-01   9.3949693195e-01
   1.1250000000e+00   9.6322713369e-01   9.3949693195e-01
   1.1250000000e+00   9.6322713369e-01   8.8110948533e-01
   1.1250000000e+00   9.6322713369e-01   8.8110948533e-01
   1.1250000000e+00   9.6322713369e-01   8.7866125881e-01
   1.1250000000e+00   9.6322713369e-01   8.7866125881e-01
   1.1250000000e+00   1.1520673335e+00   1.2869619125e+00
   1.1250000000e+00   1.1520673335e+00   1.2869619125e+00
   1.1250000000e+00   1.1520673335e+00   1.2869619125e+00
   1.1250000000e+00   1.1520673335e+00   1.2869619125e+00
   1.1250000000e+00   1.1520673335e+00   1.2311287835e+00
   1.1250000000e+00   1.1520673335e+00   1.2311287835e+00
   1.1250000000e+00   1.1520673335e+00   1.2311287835e+00
   1.1250000000e+00   1.1520673335e+00   1.2311287835e+00
   1.1250000000e+00   1.1520673335e+00   1.2932352898e+00
   1.1250000000e+00   1.1520673335e+00   1.2932352898e+00
   1.1250000000e+00   1.1520673335e+00   1.0322113778e+00
   1.1250000000e+00   1.1520673335e+00   1.0322113778e+00
   1.1250000000e+00   1.1520673335e+00   1.2932352898e+00
   1.1250000000e+00   1.1520673335e+00   1.2932352898e+00
   1.1250000000e+00   1.1520673335e+00   1.0316549080e+00
   1.1250000000e+00   1.1520673335e+00   1.0316549080e+00
   1.1250000000e+00   1.1520673335e+00   1.0353626935e+00
   1.1250000000e+00   1.1520673335e+00   1.0353626935e+00
   1.1250000000e+00   1.1520673335e+00   1.0353626935e+00
   1.1250000000e+00   1.1520673335e+00   1.0353626935e+00
   1.1250000000e+00   1.1520673335e+00   1.3245204056e+00
   1.1250000000e+00   1.1520673335e+00   1.3245204056e+00
   1.1250000000e+00   1.1520673335e+00   1.3245204056e+00
   1.1250000000e+00   1.1520673335e+00   1.3245204056e+00
   1.1250000000e+00   1.1520673335e+00   1.5819893708e+00
   1.1250000000e+00   1.1520673335e+00   1.5819893708e+00
   1.1250000000e+00   1.1520673335e+00   9.5568331727e-01
   1.1250000000e+00   1.1520673335e+00   9.5568331727e-01
   1.1250000000e+00   1.1520673335e+00   1.0316549080e+00
   1.1250000000e+00   1.1520673335e+00   1.0316549080e+00
   1.1250000000e+00   1.1520673335e+00   1.2979058295e+00
   1.1250000000e+00   1.1520673335e+00   1.2979058295e+00
   1.1250000000e+00   1.4142357968e+00   1.5569064064e+00
   1.1250000000e+00   1.4142357968e+00   1.5569064064e+00
   1.1250000000e+00   1.4142357968e+00   1.5569064064e+00
   1.1250000000e+00   1.4142357968e+00   1.5569064064e+00
   1.1250000000e+00   1.4142357968e+00   1.5569064064e+00
   1.1250000000e+00   1.4142357968e+00   1.5569064064e+00
   1.1250000000e+00   1.4142357968e+00   1.5569064064e+00
   1.1250000000e+00   1.4142357968e+00   1.5569064064e+00
   1.1250000000e+00   1.4142518013e+00   8.9233038689e-01
   1.1250000000e+00   1.4142518013e+00   8.9233038689e-01
   1.1250000000e+00   1.4142518013e+00   8.9233038689e-01
   1.1250000000e+00   1.4142518013e+00   8.9233038689e-01
   1.1250000000e+00   1.4142518013e+00   1.4240520942e+00
   1.1250000000e+00   1.4142518013e+00   1.4240520942e+00
   1.1250000000e+00   1.4142518013e+00   1.4240520942e+00
   1.1250000000e+00   1.4142518013e+00   1.4240520942e+00
   1.1250000000e+00   1.4142277945e+00   1.4240360323e+00
   1.1250000000e+00   1.4142277945e+00   1.4240360323e+00
   1.1250000000e+00   1.4142277945e+00   1.4240567449e+00
   1.1250000000e+00   1.4142277945e+00   1.4240567449e+00
   1.1250000000e+00   1.4142277945e+00   1.4240463886e+00
   1.1250000000e+00   1.4142277945e+00   1.4240463886e+00
   1.1250000000e+00   1.4142277945e+00   1.4240463886e+00
   1.1250000000e+00   1.4142277945e+00   1.4240463886e+00
   1.1250000000e+00   1.4142277945e+00   1.4240360323e+00
   1.1250000000e+00   1.4142277945e+00   1.4240360323e+00
   1.1250000000e+00   1.4142277945e+00   1.6897974931e+00
   1.1250000000e+00   1.4142277945e+00   1.6897974931e+00
   1.1250000000e+00   1.4142277945e+00   1.4240360323e+00
   1.1250000000e+00   1.4142277945e+00   1.4240360323e+00
   1.1250000000e+00   1.4142277945e+00   1.6897974931e+00
   1.1250000000e+00   1.4142277945e+00   1.6897974931e+00
   1.1250000000e+00   1.4142357968e+00   1.9558857904e+00
   1.1250000000e+00   1.4142357968e+00   1.9558857904e+00
   1.1250000000e+00   1.4142357968e+00   1.9558857904e+00
   1.1250000000e+00   1.4142357968e+00   1.9558857904e+00
   1.1250000000e+00   1.4142357968e+00   1.4239957710e+00
   1.1250000000e+00   1.4142357968e+00   1.4239957710e+00
   1.1250000000e+00   1.4142357968e+00   1.4239957710e+00
   1.1250000000e+00   1.4142357968e+00   1.4239957710e+00
   1.1250000000e+00   1.4142357968e+00   1.9558857904e+00
   1.1250000000e+00   1.4142357968e+00   1.9558857904e+00
   1.1250000000e+00   1.4142357968e+00   1.9558857904e+00
   1.1250000000e+00   1.4142357968e+00   1.9558857904e+00
   1.1250000000e+00   1.4142357968e+00   1.4239957710e+00
   1.1250000000e+00   1.4142357968e+00   1.4239957710e+00
   1.1250000000e+00   1.4142357968e+00   1.4239957710e+00
   1.1250000000e+00   1.4142357968e+00   1.4239957710e+00
   1.1250000000e+00   1.4142357968e+00   8.9283547221e-01
   1.1250000000e+00   1.4142357968e+00   8.9283547221e-01
   1.1250000000e+00   1.4142357968e+00   8.9283547221e-01
   1.1250000000e+00   1.4142357968e+00   8.9283547221e-01
   1.1250000000e+00   1.4142357968e+00   1.4239760023e+00
   1.1250000000e+00   1.4142357968e+00   1.4239760023e+00
   1.1250000000e+00   1.4142357968e+00   1.4239760023e+00
   1.1250000000e+00   1.4142357968e+00   1.4239760023e+00
   1.1250000000e+00   1.4142357968e+00   1.4240155397e+00
   1.1250000000e+00   1.4142357968e+00   1.4240155397e+00
   1.1250000000e+00   1.4142357968e+00   8.9293169561e-01
   1.1250000000e+00   1.4142357968e+00   8.9293169561e-01
   1.1250000000e+00   1.4142357968e+00   8.9280002149e-01
   1.1250000000e+00   1.4142357968e+00   8.9280002149e-01
   1.1250000000e+00   1.4142357968e+00   1.4240155397e+00
   1.1250000000e+00   1.4142357968e+00   1.4240155397e+00
   2.5000000000e-01   7.0920011620e-02  -6.1181103054e-03
   2.5000000000e-01   7.0920011620e-02  -6.1181103054e-03
   2.5000000000e-01   7.0920011620e-02  -6.1181103054e-03
   2.5000000000e-01   7.0920011620e-02  -6.1181103054e-03
   2.5000000000e-01   7.0920011620e-02  -1.3654276297e-01
   2.5000000000e-01   7.0920011620e-02  -1.3654276297e-01
   2.5000000000e-01   7.0920011620e-02  -1.3654276297e-01
   2.5000000000e-01   7.0920011620e-02  -1.3654276297e-01
   2.5000000000e-01   7.0920011620e-02  -2.2471792905e-01
   2.5000000000e-01   7.0920011620e-02  -2.2471792905e-01
   2.5000000000e-01   7.0920011620e-02  -4.8367596881e-02
   2.5000000000e-01   7.0920011620e-02  -4.8367596881e-02
   2.5000000000e-01   7.0920011620e-02  -6.1181103054e-03
   2.5000000000e-01   7.0920011620e-02  -6.1181103054e-03
   2.5000000000e-01   7.0920011620e-02  -6.1181103054e-03
   2.5000000000e-01   7.0920011620e-02  -6.1181103054e-03
   2.5000000000e-01   1.3130430579e-01   2.6416360215e-01
   2.5000000000e-01   1.3130430579e-01   2.6416360215e-01
   2.5000000000e-01   1.3130430579e-01   2.6416360215e-01
   2.5000000000e-01   1.3130430579e-01   2.6416360215e-01
   2.5000000000e-01   1.3130430579e-01  -1.0197084379e-01
   2.5000000000e-01   1.3130430579e-01  -1.0197084379e-01
   2.5000000000e-01   1.3130430579e-01  -1.0197084379e-01
   2.5000000000e-01   1.3130430579e-01  -1.0197084379e-01
   2.5000000000e-01   1.3130430579e-01   2.6416360215e-01
   2.5000000000e-01   1.3130430579e-01   2.6416360215e-01
   2.5000000000e-01   1.3130430579e-01   2.6416360215e-01
   2.5000000000e-01   1.3130430579e-01   2.6416360215e-01
   2.5000000000e-01   1.3130430579e-01  -4.8367596881e-02
   2.5000000000e-01   1.3130430579e-01  -4.8367596881e-02
   2.5000000000e-01   1.3130430579e-01  -2.2471792905e-01
   2.5000000000e-01   1.3130430579e-01  -2.2471792905e-01
   2.5000000000e-01   6.7198931922e-02   5.5855455248e-02
   2.5000000000e-01   6.7198931922e-02   5.5855455248e-02
   2.5000000000e-01   6.7198931922e-02   5.5855455248e-02
   2.5000000000e-01   6.7198931922e-02   5.5855455248e-02
   2.5000000000e-01   6.7198931922e-02  -1.7041533910e-01
   2.5000000000e-01   6.7198931922e-02  -1.7041533910e-01
   2.5000000000e-01   6.7198931922e-02   2.8212624959e-01
   2.5000000000e-01   6.7198931922e-02   2.8212624959e-01
   2.5000000000e-01   1.1241656763e-01  -2.4742146447e-02
   2.5000000000e-01   1.1241656763e-01  -2.4742146447e-02
   2.5000000000e-01   1.1241656763e-01  -2.4742146447e-02
   2.5000000000e-01   1.1241656763e-01  -2.4742146447e-02
   2.5000000000e-01   1.1241656763e-01   9.2905834578e-02
   2.5000000000e-01   1.1241656763e-01   9.2905834578e-02
   2.5000000000e-01   1.1241656763e-01   9.2905834578e-02
   2.5000000000e-01   1.1241656763e-01   9.2905834578e-02
   2.5000000000e-01   6.7198931922e-02   2.5849847302e-01
   2.5000000000e-01   6.7198931922e-02   2.5849847302e-01
   2.5000000000e-01   6.7198931922e-02   2.4274662197e-01
   2.5000000000e-01   6.7198931922e-02   2.4274662197e-01
   2.5000000000e-01   6.7198931922e-02  -2.9995675328e-02
   2.5000000000e-01   6.7198931922e-02  -2.9995675328e-02
   2.5000000000e-01   6.7198931922e-02   2.5849847302e-01
   2.5000000000e-01   6.7198931922e-02   2.5849847302e-01
   2.5000000000e-01   6.7198931922e-02   1.2606528713e-01
   2.5000000000e-01   6.7198931922e-02   1.2606528713e-01
   2.5000000000e-01   6.7198931922e-02   1.2606528713e-01
   2.5000000000e-01   6.7198931922e-02   1.2606528713e-01
   2.5000000000e-01   6.7198931922e-02   2.6243643578e-01
   2.5000000000e-01   6.7198931922e-02   2.6243643578e-01
   2.5000000000e-01   6.7198931922e-02   2.6243643578e-01
   2.5000000000e-01   6.7198931922e-02   2.6243643578e-01
   6.8750000000e-01   8.9583873603e-01   9.3587461795e-01
   6.8750000000e-01   8.9583873603e-01   9.3587461795e-01
   6.8750000000e-01   8.9583873603e-01   9.3587461795e-01
   6.8750000000e-01   8.9583873603e-01   9.3587461795e-01
   6.8750000000e-01   8.9583873603e-01   9.1356485903e-01
   6.8750000000e-01   8.9583873603e-01   9.1356485903e-01
   6.8750000000e-01   8.9583873603e-01   9.1356485903e-01
   6.8750000000e-01   8.9583873603e-01   9.1356485903e-01
   6.8750000000e-01   8.9583873603e-01   9.0226026306e-01
   6.8750000000e-01   8.9583873603e-01   9.0226026306e-01
   6.8750000000e-01   8.9583873603e-01   9.2486945499e-01
   6.8750000000e-01   8.9583873603e-01   9.2486945499e-01
   6.8750000000e-01   8.9583873603e-01   9.1646916392e-01
   6.8750000000e-01   8.9583873603e-01   9.1646916392e-01
   6.8750000000e-01   8.9583873603e-01   9.1646916392e-01
   6.8750000000e-01   8.9583873603e-01   9.1646916392e-01
   6.8750000000e-01   9.4544730829e-01   9.3067823127e-01
   6.8750000000e-01   9.4544730829e-01   9.3067823127e-01
   6.8750000000e-01   9.4544730829e-01   9.5042680697e-01
   6.8750000000e-01   9.4544730829e-01   9.5042680697e-01
   6.8750000000e-01   9.4544730829e-01   9.4953275527e-01
   6.8750000000e-01   9.4544730829e-01   9.4953275527e-01
   6.8750000000e-01   9.4544730829e-01   9.4953275527e-01
   6.8750000000e-01   9.4544730829e-01   9.4953275527e-01
   6.8750000000e-01   9.4544730829e-01   9.3427429765e-01
   6.8750000000e-01   9.4544730829e-01   9.3427429765e-01
   6.8750000000e-01   9.4544730829e-01   9.3427429765e-01
   6.8750000000e-01   9.4544730829e-01   9.3427429765e-01
   6.8750000000e-01   9.4544730829e-01   9.3427429765e-01
   6.8750000000e-01   9.4544730829e-01   9.3427429765e-01
   6.8750000000e-01   9.4544730829e-01   9.3427429765e-01
   6.8750000000e-01   9.4544730829e-01   9.3427429765e-01
   6.8750000000e-01   2.2400776109e-01   1.8777491535e-01
   6.8750000000e-01   2.2400776109e-01   1.8777491535e-01
   6.8750000000e-01   2.2400776109e-01   2.2317598405e-01
   6.8750000000e-01   2.2400776109e-01   2.2317598405e-01
   6.8750000000e-01   2.2400776109e-01   2.1791743144e-01
   6.8750000000e-01   2.2400776109e-01   2.1791743144e-01
   6.8750000000e-01   2.2400776109e-01   2.1791743144e-01
   6.8750000000e-01   2.2400776109e-01   2.1791743144e-01
   6.8750000000e-01   2.2400776109e-01   3.1271944964e-01
   6.8750000000e-01   2.2400776109e-01   3.1271944964e-01
   6.8750000000e-01   2.2400776109e-01   2.5777298857e-01
   6.8750000000e-01   2.2400776109e-01   2.5777298857e-01
   6.8750000000e-01   2.2400776109e-01   2.5777298857e-01
   6.8750000000e-01   2.2400776109e-01   2.5777298857e-01
   6.8750000000e-01   2.2400776109e-01   3.1271944964e-01
   6.8750000000e-01   2.2400776109e-01   3.1271944964e-01
   6.8750000000e-01   2.2400776109e-01   1.2057993802e-01
   6.8750000000e-01   2.2400776109e-01   1.2057993802e-01
   6.8750000000e-01   2.2400776109e-01   1.2217889305e-01
   6.8750000000e-01   2.2400776109e-01   1.2217889305e-01
   6.8750000000e-01   2.2400776109e-01   2.7666894292e-01
   6.8750000000e-01   2.2400776109e-01   2.7666894292e-01
   6.8750000000e-01   2.2400776109e-01   2.7666894292e-01
   6.8750000000e-01   2.2400776109e-01   2.7666894292e-01
   6.8750000000e-01   2.2400776109e-01   2.4953400477e-01
   6.8750000000e-01   2.2400776109e-01   2.4953400477e-01
   6.8750000000e-01   2.2400776109e-01   2.4953400477e-01
   6.8750000000e-01   2.2400776109e-01   2.4953400477e-01
   6.8750000000e-01   2.2400776109e-01   2.9685551077e-01
   6.8750000000e-01   2.2400776109e-01   2.9685551077e-01
   6.8750000000e-01   2.2400776109e-01   2.9685551077e-01
   6.8750000000e-01   2.2400776109e-01   2.9685551077e-01
   6.8750000000e-01   2.2400776109e-01   3.4879942316e-01
   6.8750000000e-01   2.2400776109e-01   3.4879942316e-01
   6.8750000000e-01   2.2400776109e-01   2.0021689709e-01
   6.8750000000e-01   2.2400776109e-01   2.0021689709e-01
   6.8750000000e-01   2.2400776109e-01   1.7227769979e-01
   6.8750000000e-01   2.2400776109e-01   1.7227769979e-01
   6.8750000000e-01   2.2400776109e-01   1.7227769979e-01
   6.8750000000e-01   2.2400776109e-01   1.7227769979e-01
   6.8750000000e-01   2.2400776109e-01   2.0237767989e-01
   6.8750000000e-01   2.2400776109e-01   2.0237767989e-01
   6.8750000000e-01   2.2400776109e-01   2.0237767989e-01
   6.8750000000e-01   2.2400776109e-01   2.0237767989e-01
   6.8750000000e-01   2.2400776109e-01   2.2317598405e-01
   6.8750000000e-01   2.2400776109e-01   2.2317598405e-01
   6.8750000000e-01   2.2400776109e-01   1.2137941553e-01
   6.8750000000e-01   2.2400776109e-01   1.2137941553e-01
   6.8750000000e-01   2.7559708620e-01   3.0718549863e-01
   6.8750000000e-01   2.7559708620e-01   3.0718549863e-01
   6.8750000000e-01   2.7559708620e-01   3.0718549863e-01
   6.8750000000e-01   2.7559708620e-01   3.0718549863e-01
   6.8750000000e-01   2.7559708620e-01   3.0718549863e-01
   6.8750000000e-01   2.7559708620e-01   3.0718549863e-01
   6.8750000000e-01   2.7559708620e-01   3.0718549863e-01
   6.8750000000e-01   2.7559708620e-01   3.0718549863e-01
   6.8750000000e-01   1.7241843597e-01   3.1783291312e-01
   6.8750000000e-01   1.7241843597e-01   3.1783291312e-01
   6.8750000000e-01   1.7241843597e-01   3.1783291312e-01
   6.8750000000e-01   1.7241843597e-01   3.1783291312e-01
   6.8750000000e-01   1.7241843597e-01   3.7079143104e-01
   6.8750000000e-01   1.7241843597e-01   3.7079143104e-01
   6.8750000000e-01   1.7241843597e-01   3.7079143104e-01
   6.8750000000e-01   1.7241843597e-01   3.7079143104e-01
   6.8750000000e-01   1.1735927609e+00   1.2321126675e+00
   6.8750000000e-01   1.1735927609e+00   1.2321126675e+00
   6.8750000000e-01   1.1735927609e+00   1.2019132329e+00
   6.8750000000e-01   1.1735927609e+00   1.2019132329e+00
   6.8750000000e-01   1.1735927609e+00   1.2170129502e+00
   6.8750000000e-01   1.1735927609e+00   1.2170129502e+00
   6.8750000000e-01   1.1735927609e+00   1.2170129502e+00
   6.8750000000e-01   1.1735927609e+00   1.2170129502e+00
   6.8750000000e-01   1.1735927609e+00   1.2170129502e+00
   6.8750000000e-01   1.1735927609e+00   1.2170129502e+00
   6.8750000000e-01   1.1735927609e+00   1.2170129502e+00
   6.8750000000e-01   1.1735927609e+00   1.2170129502e+00
   6.8750000000e-01   1.1735927609e+00   1.2170129502e+00
   6.8750000000e-01   1.1735927609e+00   1.2170129502e+00
   6.8750000000e-01   1.1735927609e+00   1.2170129502e+00
   6.8750000000e-01   1.1735927609e+00   1.2170129502e+00
   6.8750000000e-01   1.2145663565e+00   1.1977823631e+00
   6.8750000000e-01   1.2145663565e+00   1.1977823631e+00
   6.8750000000e-01   1.2145663565e+00   1.1977823631e+00
   6.8750000000e-01   1.2145663565e+00   1.1977823631e+00
   6.8750000000e-01   1.2145663565e+00   1.1977823631e+00
   6.8750000000e-01   1.2145663565e+00   1.1977823631e+00
   6.8750000000e-01   1.2145663565e+00   1.1977823631e+00
   6.8750000000e-01   1.2145663565e+00   1.1977823631e+00
   6.8750000000e-01   1.2145663565e+00   1.2007139878e+00
   6.8750000000e-01   1.2145663565e+00   1.2007139878e+00
   6.8750000000e-01   1.2145663565e+00   1.2007139878e+00
   6.8750000000e-01   1.2145663565e+00   1.2007139878e+00
   6.8750000000e-01   1.2145663565e+00   1.2001159701e+00
   6.8750000000e-01   1.2145663565e+00   1.2001159701e+00
   6.8750000000e-01   1.2145663565e+00   1.2001159701e+00
   6.8750000000e-01   1.2145663565e+00   1.2001159701e+00
