# time = 240.001
# Grid Points = 1024
                 # mixf_00                 # mixf_01                 # mixf_02
  -5.3960058982e-01  -5.6063292528e-01  -6.0410192449e-01
  -5.3960058982e-01  -5.6063292528e-01  -6.0410192449e-01
  -5.3960058982e-01  -5.6063292528e-01  -5.6439291663e-01
  -5.3960058982e-01  -5.6063292528e-01  -5.6439291663e-01
  -5.3960058982e-01  -5.6063292528e-01  -6.0410192449e-01
  -5.3960058982e-01  -5.6063292528e-01  -6.0410192449e-01
  -5.3960058982e-01  -5.6063292528e-01  -5.3062552017e-01
  -5.3960058982e-01  -5.6063292528e-01  -5.3062552017e-01
  -5.3960058982e-01  -5.6063292528e-01  -5.4750921840e-01
  -5.3960058982e-01  -5.6063292528e-01  -5.4750921840e-01
  -5.3960058982e-01  -5.6063292528e-01  -5.4750921840e-01
  -5.3960058982e-01  -5.6063292528e-01  -5.4750921840e-01
  -5.3960058982e-01  -5.6063292528e-01  -6.7948117852e-01
  -5.3960058982e-01  -5.6063292528e-01  -6.7948117852e-01
  -5.3960058982e-01  -5.6063292528e-01  -6.7948117852e-01
  -5.3960058982e-01  -5.6063292528e-01  -6.7948117852e-01
  -5.3960058982e-01  -5.6063292528e-01  -5.9605307478e-01
  -5.3960058982e-01  -5.6063292528e-01  -5.9605307478e-01
  -5.3960058982e-01  -5.6063292528e-01  -6.8085240447e-01
  -5.3960058982e-01  -5.6063292528e-01  -6.8085240447e-01
  -5.3960058982e-01  -5.6063292528e-01  -5.9605307478e-01
  -5.3960058982e-01  -5.6063292528e-01  -5.9605307478e-01
  -5.3960058982e-01  -5.6063292528e-01  -8.0683908161e-01
  -5.3960058982e-01  -5.6063292528e-01  -8.0683908161e-01
  -5.3960058982e-01  -5.6063292528e-01  -4.8306029284e-01
  -5.3960058982e-01  -5.6063292528e-01  -4.8306029284e-01
  -5.3960058982e-01  -5.6063292528e-01  -6.2652391729e-01
  -5.3960058982e-01  -5.6063292528e-01  -6.2652391729e-01
  -5.3960058982e-01  -5.6063292528e-01  -4.8306029284e-01
  -5.3960058982e-01  -5.6063292528e-01  -4.8306029284e-01
  -5.3960058982e-01  -5.6063292528e-01  -6.2652391729e-01
  -5.3960058982e-01  -5.6063292528e-01  -6.2652391729e-01
  -5.3960058982e-01  -5.6063292528e-01  -6.8085240447e-01
  -5.3960058982e-01  -5.6063292528e-01  -6.8085240447e-01
  -5.3960058982e-01  -5.6063292528e-01  -6.0410192449e-01
  -5.3960058982e-01  -5.6063292528e-01  -6.0410192449e-01
  -5.3960058982e-01  -5.6063292528e-01  -4.3058957174e-01
  -5.3960058982e-01  -5.6063292528e-01  -4.3058957174e-01
  -5.3960058982e-01  -5.6063292528e-01  -4.8306029284e-01
  -5.3960058982e-01  -5.6063292528e-01  -4.8306029284e-01
  -5.3960058982e-01  -5.6063292528e-01  -5.1591828310e-01
  -5.3960058982e-01  -5.6063292528e-01  -5.1591828310e-01
  -5.3960058982e-01  -5.6063292528e-01  -5.7360175287e-01
  -5.3960058982e-01  -5.6063292528e-01  -5.7360175287e-01
  -5.3960058982e-01  -5.6063292528e-01  -5.5978849851e-01
  -5.3960058982e-01  -5.6063292528e-01  -5.5978849851e-01
  -5.3960058982e-01  -5.6063292528e-01  -5.5978849851e-01
  -5.3960058982e-01  -5.6063292528e-01  -5.5978849851e-01
  -5.3960058982e-01  -5.6063292528e-01  -5.8070941794e-01
  -5.3960058982e-01  -5.6063292528e-01  -5.8070941794e-01
  -5.3960058982e-01  -5.6063292528e-01  -5.9345625680e-01
  -5.3960058982e-01  -5.6063292528e-01  -5.9345625680e-01
  -5.3960058982e-01  -5.6063292528e-01  -5.8070941794e-01
  -5.3960058982e-01  -5.6063292528e-01  -5.8070941794e-01
  -5.3960058982e-01  -5.6063292528e-01  -5.9345625680e-01
  -5.3960058982e-01  -5.6063292528e-01  -5.9345625680e-01
  -5.3960058982e-01  -5.6063292528e-01  -6.0929556044e-01
  -5.3960058982e-01  -5.6063292528e-01  -6.0929556044e-01
  -5.3960058982e-01  -5.6063292528e-01  -6.0929556044e-01
  -5.3960058982e-01  -5.6063292528e-01  -6.0929556044e-01
  -5.3960058982e-01  -5.6063292528e-01  -4.7325392742e-01
  -5.3960058982e-01  -5.6063292528e-01  -4.7325392742e-01
  -5.3960058982e-01  -5.6063292528e-01  -4.7325392742e-01
  -5.3960058982e-01  -5.6063292528e-01  -4.7325392742e-01
  -5.2799526269e-01  -8.9530670795e-01  -8.1548913420e-01
  -5.2799526269e-01  -8.9530670795e-01  -8.1548913420e-01
  -5.2799526269e-01  -8.9530670795e-01  -8.1548913420e-01
  -5.2799526269e-01  -8.9530670795e-01  -8.1548913420e-01
  -5.2799526269e-01  -8.9530670795e-01  -7.5963522250e-01
  -5.2799526269e-01  -8.9530670795e-01  -7.5963522250e-01
  -5.2799526269e-01  -8.9530670795e-01  -7.5963522250e-01
  -5.2799526269e-01  -8.9530670795e-01  -7.5963522250e-01
  -5.2799526269e-01  -8.9530670795e-01  -7.8197678718e-01
  -5.2799526269e-01  -8.9530670795e-01  -7.8197678718e-01
  -5.2799526269e-01  -8.9530670795e-01  -8.0431835186e-01
  -5.2799526269e-01  -8.9530670795e-01  -8.0431835186e-01
  -5.2799526269e-01  -8.9530670795e-01  -8.9368461059e-01
  -5.2799526269e-01  -8.9530670795e-01  -8.9368461059e-01
  -5.2799526269e-01  -8.9530670795e-01  -8.0431835186e-01
  -5.2799526269e-01  -8.9530670795e-01  -8.0431835186e-01
  -5.2799526269e-01  -5.8253130017e-01  -6.3455618847e-01
  -5.2799526269e-01  -5.8253130017e-01  -6.3455618847e-01
  -5.2799526269e-01  -5.8253130017e-01  -7.2209527587e-01
  -5.2799526269e-01  -5.8253130017e-01  -7.2209527587e-01
  -5.2799526269e-01  -5.8253130017e-01  -4.2537215931e-01
  -5.2799526269e-01  -5.8253130017e-01  -4.2537215931e-01
  -5.2799526269e-01  -5.8253130017e-01  -6.3455618847e-01
  -5.2799526269e-01  -5.8253130017e-01  -6.3455618847e-01
  -5.2799526269e-01  -5.8253130017e-01  -6.3455618847e-01
  -5.2799526269e-01  -5.8253130017e-01  -6.3455618847e-01
  -5.2799526269e-01  -5.8253130017e-01  -6.7954486246e-01
  -5.2799526269e-01  -5.8253130017e-01  -6.7954486246e-01
  -5.2799526269e-01  -5.8253130017e-01  -6.5705052547e-01
  -5.2799526269e-01  -5.8253130017e-01  -6.5705052547e-01
  -5.2799526269e-01  -5.8253130017e-01  -6.5705052547e-01
  -5.2799526269e-01  -5.8253130017e-01  -6.5705052547e-01
  -5.2799526269e-01  -3.0319629467e-01  -2.5807724679e-01
  -5.2799526269e-01  -3.0319629467e-01  -2.5807724679e-01
  -5.2799526269e-01  -3.0319629467e-01  -2.5807724679e-01
  -5.2799526269e-01  -3.0319629467e-01  -2.5807724679e-01
  -5.2799526269e-01  -3.0319629467e-01  -4.7898945130e-01
  -5.2799526269e-01  -3.0319629467e-01  -4.7898945130e-01
  -5.2799526269e-01  -3.0319629467e-01  -4.7898945130e-01
  -5.2799526269e-01  -3.0319629467e-01  -4.7898945130e-01
  -5.2799526269e-01  -3.0319629467e-01  -3.8424518500e-01
  -5.2799526269e-01  -3.0319629467e-01  -3.8424518500e-01
  -5.2799526269e-01  -3.0319629467e-01  -3.8424518500e-01
  -5.2799526269e-01  -3.0319629467e-01  -3.8424518500e-01
  -5.2799526269e-01  -3.0319629467e-01  -1.3190930859e-01
  -5.2799526269e-01  -3.0319629467e-01  -1.3190930859e-01
  -5.2799526269e-01  -3.0319629467e-01  -5.7373371759e-01
  -5.2799526269e-01  -3.0319629467e-01  -5.7373371759e-01
  -5.2799526269e-01  -5.8253130017e-01  -5.2360490719e-01
  -5.2799526269e-01  -5.8253130017e-01  -5.2360490719e-01
  -5.2799526269e-01  -5.8253130017e-01  -5.2360490719e-01
  -5.2799526269e-01  -5.8253130017e-01  -5.2360490719e-01
  -5.2799526269e-01  -5.8253130017e-01  -7.7389370131e-01
  -5.2799526269e-01  -5.8253130017e-01  -7.7389370131e-01
  -5.2799526269e-01  -5.8253130017e-01  -7.7389370131e-01
  -5.2799526269e-01  -5.8253130017e-01  -7.7389370131e-01
  -5.2799526269e-01  -5.8253130017e-01  -7.7389370131e-01
  -5.2799526269e-01  -5.8253130017e-01  -7.7389370131e-01
  -5.2799526269e-01  -5.8253130017e-01  -7.7389370131e-01
  -5.2799526269e-01  -5.8253130017e-01  -7.7389370131e-01
  -5.2799526269e-01  -5.8253130017e-01  -5.2360490719e-01
  -5.2799526269e-01  -5.8253130017e-01  -5.2360490719e-01
  -5.2799526269e-01  -5.8253130017e-01  -5.2360490719e-01
  -5.2799526269e-01  -5.8253130017e-01  -5.2360490719e-01
  -5.1638993557e-01  -3.6613026763e-01  -4.7944148119e-01
  -5.1638993557e-01  -3.6613026763e-01  -4.7944148119e-01
  -5.1638993557e-01  -3.6613026763e-01  -4.7944148119e-01
  -5.1638993557e-01  -3.6613026763e-01  -4.7944148119e-01
  -5.1638993557e-01  -3.6613026763e-01  -4.7944148119e-01
  -5.1638993557e-01  -3.6613026763e-01  -4.7944148119e-01
  -5.1638993557e-01  -3.6613026763e-01  -4.7944148119e-01
  -5.1638993557e-01  -3.6613026763e-01  -4.7944148119e-01
  -5.1638993557e-01  -3.6613026763e-01  -4.9339775868e-01
  -5.1638993557e-01  -3.6613026763e-01  -4.9339775868e-01
  -5.1638993557e-01  -3.6613026763e-01  -4.9777205869e-01
  -5.1638993557e-01  -3.6613026763e-01  -4.9777205869e-01
  -5.1638993557e-01  -3.6613026763e-01  -4.8902345867e-01
  -5.1638993557e-01  -3.6613026763e-01  -4.8902345867e-01
  -5.1638993557e-01  -3.6613026763e-01  -4.9339775868e-01
  -5.1638993557e-01  -3.6613026763e-01  -4.9339775868e-01
  -5.1638993557e-01  -3.6793017332e-01  -4.7721484186e-01
  -5.1638993557e-01  -3.6793017332e-01  -4.7721484186e-01
  -5.1638993557e-01  -3.6793017332e-01  -3.7199382874e-01
  -5.1638993557e-01  -3.6793017332e-01  -3.7199382874e-01
  -5.1638993557e-01  -3.6793017332e-01  -4.2298938695e-01
  -5.1638993557e-01  -3.6793017332e-01  -4.2298938695e-01
  -5.1638993557e-01  -3.6793017332e-01  -4.1554319138e-01
  -5.1638993557e-01  -3.6793017332e-01  -4.1554319138e-01
  -5.1638993557e-01  -3.6793017332e-01  -4.5665762503e-01
  -5.1638993557e-01  -3.6793017332e-01  -4.5665762503e-01
  -5.1638993557e-01  -3.6793017332e-01  -5.2498050338e-01
  -5.1638993557e-01  -3.6793017332e-01  -5.2498050338e-01
  -5.1638993557e-01  -3.6793017332e-01  -4.7721484186e-01
  -5.1638993557e-01  -3.6793017332e-01  -4.7721484186e-01
  -5.1638993557e-01  -3.6793017332e-01  -3.7199382874e-01
  -5.1638993557e-01  -3.6793017332e-01  -3.7199382874e-01
  -5.1638993557e-01  -3.7063003184e-01  -2.9183503734e-01
  -5.1638993557e-01  -3.7063003184e-01  -2.9183503734e-01
  -5.1638993557e-01  -3.7063003184e-01  -2.9183503734e-01
  -5.1638993557e-01  -3.7063003184e-01  -2.9183503734e-01
  -5.1638993557e-01  -3.7063003184e-01  -3.5205071360e-01
  -5.1638993557e-01  -3.7063003184e-01  -3.5205071360e-01
  -5.1638993557e-01  -3.7063003184e-01  -2.3161936107e-01
  -5.1638993557e-01  -3.7063003184e-01  -2.3161936107e-01
  -5.1638993557e-01  -3.7063003184e-01  -3.4666075335e-01
  -5.1638993557e-01  -3.7063003184e-01  -3.4666075335e-01
  -5.1638993557e-01  -3.7063003184e-01  -3.4666075335e-01
  -5.1638993557e-01  -3.7063003184e-01  -3.4666075335e-01
  -5.1638993557e-01  -3.7063003184e-01  -3.3332680044e-01
  -5.1638993557e-01  -3.7063003184e-01  -3.3332680044e-01
  -5.1638993557e-01  -3.7063003184e-01  -3.3332680044e-01
  -5.1638993557e-01  -3.7063003184e-01  -3.3332680044e-01
  -5.1638993557e-01  -3.7063003184e-01  -2.3632092441e-01
  -5.1638993557e-01  -3.7063003184e-01  -2.3632092441e-01
  -5.1638993557e-01  -3.7063003184e-01  -2.3632092441e-01
  -5.1638993557e-01  -3.7063003184e-01  -2.3632092441e-01
  -5.1638993557e-01  -3.7063003184e-01  -3.5205071360e-01
  -5.1638993557e-01  -3.7063003184e-01  -3.5205071360e-01
  -5.1638993557e-01  -3.7063003184e-01  -3.5205071360e-01
  -5.1638993557e-01  -3.7063003184e-01  -3.5205071360e-01
  -5.1638993557e-01  -3.7063003184e-01  -1.9380254094e-01
  -5.1638993557e-01  -3.7063003184e-01  -1.9380254094e-01
  -5.1638993557e-01  -3.7063003184e-01  -2.7883930787e-01
  -5.1638993557e-01  -3.7063003184e-01  -2.7883930787e-01
  -5.1638993557e-01  -3.7063003184e-01  -2.7439465690e-01
  -5.1638993557e-01  -3.7063003184e-01  -2.7439465690e-01
  -5.1638993557e-01  -3.7063003184e-01  -2.7439465690e-01
  -5.1638993557e-01  -3.7063003184e-01  -2.7439465690e-01
  -5.2799526269e-01  -6.2129176645e-01  -3.9745613695e-01
  -5.2799526269e-01  -6.2129176645e-01  -3.9745613695e-01
  -5.2799526269e-01  -6.2129176645e-01  -3.9745613695e-01
  -5.2799526269e-01  -6.2129176645e-01  -3.9745613695e-01
  -5.2799526269e-01  -6.2129176645e-01  -8.7565754734e-01
  -5.2799526269e-01  -6.2129176645e-01  -8.7565754734e-01
  -5.2799526269e-01  -6.2129176645e-01  -8.9962017748e-01
  -5.2799526269e-01  -6.2129176645e-01  -8.9962017748e-01
  -5.2799526269e-01  -6.2129176645e-01  -5.3420203867e-01
  -5.2799526269e-01  -6.2129176645e-01  -5.3420203867e-01
  -5.2799526269e-01  -6.2129176645e-01  -7.6321942060e-01
  -5.2799526269e-01  -6.2129176645e-01  -7.6321942060e-01
  -5.2799526269e-01  -6.2129176645e-01  -7.6321942060e-01
  -5.2799526269e-01  -6.2129176645e-01  -7.6321942060e-01
  -5.2799526269e-01  -6.2129176645e-01  -5.3420203867e-01
  -5.2799526269e-01  -6.2129176645e-01  -5.3420203867e-01
  -5.2799526269e-01  -9.3938723824e-01  -8.8736593034e-01
  -5.2799526269e-01  -9.3938723824e-01  -8.8736593034e-01
  -5.2799526269e-01  -9.3938723824e-01  -8.8498401505e-01
  -5.2799526269e-01  -9.3938723824e-01  -8.8498401505e-01
  -5.2799526269e-01  -9.3938723824e-01  -8.8855688798e-01
  -5.2799526269e-01  -9.3938723824e-01  -8.8855688798e-01
  -5.2799526269e-01  -9.3938723824e-01  -8.8855688798e-01
  -5.2799526269e-01  -9.3938723824e-01  -8.8855688798e-01
  -5.2799526269e-01  -3.0319629467e-01  -2.3233562375e-01
  -5.2799526269e-01  -3.0319629467e-01  -2.3233562375e-01
  -5.2799526269e-01  -3.0319629467e-01  -3.0897258522e-01
  -5.2799526269e-01  -3.0319629467e-01  -3.0897258522e-01
  -5.2799526269e-01  -3.0319629467e-01  -2.3233562375e-01
  -5.2799526269e-01  -3.0319629467e-01  -2.3233562375e-01
  -5.2799526269e-01  -3.0319629467e-01  -3.0897258522e-01
  -5.2799526269e-01  -3.0319629467e-01  -3.0897258522e-01
  -5.2799526269e-01  -9.3938723824e-01  -9.0207430553e-01
  -5.2799526269e-01  -9.3938723824e-01  -9.0207430553e-01
  -5.2799526269e-01  -9.3938723824e-01  -9.0207430553e-01
  -5.2799526269e-01  -9.3938723824e-01  -9.0207430553e-01
  -5.2799526269e-01  -9.3938723824e-01  -8.9823633428e-01
  -5.2799526269e-01  -9.3938723824e-01  -8.9823633428e-01
  -5.2799526269e-01  -9.3938723824e-01  -8.9823633428e-01
  -5.2799526269e-01  -9.3938723824e-01  -8.9823633428e-01
  -5.2799526269e-01  -3.0319629467e-01  -1.7869719417e-01
  -5.2799526269e-01  -3.0319629467e-01  -1.7869719417e-01
  -5.2799526269e-01  -3.0319629467e-01  -1.3538553947e-01
  -5.2799526269e-01  -3.0319629467e-01  -1.3538553947e-01
  -5.2799526269e-01  -3.0319629467e-01  -1.7955250588e-01
  -5.2799526269e-01  -3.0319629467e-01  -1.7955250588e-01
  -5.2799526269e-01  -3.0319629467e-01  -1.7955250588e-01
  -5.2799526269e-01  -3.0319629467e-01  -1.7955250588e-01
  -5.2799526269e-01  -6.2129176645e-01  -1.3978918292e-01
  -5.2799526269e-01  -6.2129176645e-01  -1.3978918292e-01
  -5.2799526269e-01  -6.2129176645e-01  -8.8579208955e-01
  -5.2799526269e-01  -6.2129176645e-01  -8.8579208955e-01
  -5.2799526269e-01  -6.2129176645e-01  -5.1203982222e-01
  -5.2799526269e-01  -6.2129176645e-01  -5.1203982222e-01
  -5.2799526269e-01  -6.2129176645e-01  -5.1203982222e-01
  -5.2799526269e-01  -6.2129176645e-01  -5.1203982222e-01
  -5.2799526269e-01  -6.2129176645e-01  -1.6058969855e-01
  -5.2799526269e-01  -6.2129176645e-01  -1.6058969855e-01
  -5.2799526269e-01  -6.2129176645e-01  -1.6058969855e-01
  -5.2799526269e-01  -6.2129176645e-01  -1.6058969855e-01
  -5.2799526269e-01  -6.2129176645e-01  -8.8729371758e-01
  -5.2799526269e-01  -6.2129176645e-01  -8.8729371758e-01
  -5.2799526269e-01  -6.2129176645e-01  -8.8579208955e-01
  -5.2799526269e-01  -6.2129176645e-01  -8.8579208955e-01
   5.0930837755e-01   4.6040155607e-01   4.1337594443e-01
   5.0930837755e-01   4.6040155607e-01   4.1337594443e-01
   5.0930837755e-01   4.6040155607e-01   4.1337594443e-01
   5.0930837755e-01   4.6040155607e-01   4.1337594443e-01
   5.0930837755e-01   4.6040155607e-01   4.1337594443e-01
   5.0930837755e-01   4.6040155607e-01   4.1337594443e-01
   5.0930837755e-01   4.6040155607e-01   4.1337594443e-01
   5.0930837755e-01   4.6040155607e-01   4.1337594443e-01
   5.0930837755e-01   4.0836528063e-01   3.8943792108e-01
   5.0930837755e-01   4.0836528063e-01   3.8943792108e-01
   5.0930837755e-01   4.0836528063e-01   3.8943792108e-01
   5.0930837755e-01   4.0836528063e-01   3.8943792108e-01
   5.0930837755e-01   4.0836528063e-01   3.8943792108e-01
   5.0930837755e-01   4.0836528063e-01   3.8943792108e-01
   5.0930837755e-01   4.0836528063e-01   3.8943792108e-01
   5.0930837755e-01   4.0836528063e-01   3.8943792108e-01
   5.0930837755e-01   4.2447278989e-01   4.8732555660e-01
   5.0930837755e-01   4.2447278989e-01   4.8732555660e-01
   5.0930837755e-01   4.2447278989e-01   4.8732555660e-01
   5.0930837755e-01   4.2447278989e-01   4.8732555660e-01
   5.0930837755e-01   4.2447278989e-01   3.9164666019e-01
   5.0930837755e-01   4.2447278989e-01   3.9164666019e-01
   5.0930837755e-01   4.2447278989e-01   3.9164666019e-01
   5.0930837755e-01   4.2447278989e-01   3.9164666019e-01
   5.0930837755e-01   4.2447278989e-01   4.8732555660e-01
   5.0930837755e-01   4.2447278989e-01   4.8732555660e-01
   5.0930837755e-01   4.2447278989e-01   4.8732555660e-01
   5.0930837755e-01   4.2447278989e-01   4.8732555660e-01
   5.0930837755e-01   4.2447278989e-01   3.9164666019e-01
   5.0930837755e-01   4.2447278989e-01   3.9164666019e-01
   5.0930837755e-01   4.2447278989e-01   3.9164666019e-01
   5.0930837755e-01   4.2447278989e-01   3.9164666019e-01
   5.0930837755e-01   4.4454345533e-01   4.1657390153e-01
   5.0930837755e-01   4.4454345533e-01   4.1657390153e-01
   5.0930837755e-01   4.4454345533e-01   4.1657390153e-01
   5.0930837755e-01   4.4454345533e-01   4.1657390153e-01
   5.0930837755e-01   4.4454345533e-01   4.6262651587e-01
   5.0930837755e-01   4.4454345533e-01   4.6262651587e-01
   5.0930837755e-01   4.4454345533e-01   4.6262651587e-01
   5.0930837755e-01   4.4454345533e-01   4.6262651587e-01
   5.0930837755e-01   4.4454345533e-01   5.1613945028e-01
   5.0930837755e-01   4.4454345533e-01   5.1613945028e-01
   5.0930837755e-01   4.4454345533e-01   5.1613945028e-01
   5.0930837755e-01   4.4454345533e-01   5.1613945028e-01
   5.0930837755e-01   4.4454345533e-01   4.3192477298e-01
   5.0930837755e-01   4.4454345533e-01   4.3192477298e-01
   5.0930837755e-01   4.4454345533e-01   4.3192477298e-01
   5.0930837755e-01   4.4454345533e-01   4.3192477298e-01
   5.0930837755e-01   4.3785323352e-01   5.1892266797e-01
   5.0930837755e-01   4.3785323352e-01   5.1892266797e-01
   5.0930837755e-01   4.3785323352e-01   5.0778979720e-01
   5.0930837755e-01   4.3785323352e-01   5.0778979720e-01
   5.0930837755e-01   4.3785323352e-01   4.1657390153e-01
   5.0930837755e-01   4.3785323352e-01   4.1657390153e-01
   5.0930837755e-01   4.3785323352e-01   4.1657390153e-01
   5.0930837755e-01   4.3785323352e-01   4.1657390153e-01
   5.0930837755e-01   4.2447278989e-01   5.1196462374e-01
   5.0930837755e-01   4.2447278989e-01   5.1196462374e-01
   5.0930837755e-01   4.2447278989e-01   5.1196462374e-01
   5.0930837755e-01   4.2447278989e-01   5.1196462374e-01
   5.0930837755e-01   4.2447278989e-01   5.0778979720e-01
   5.0930837755e-01   4.2447278989e-01   5.0778979720e-01
   5.0930837755e-01   4.2447278989e-01   5.1613945028e-01
   5.0930837755e-01   4.2447278989e-01   5.1613945028e-01
   5.0930837755e-01   3.9104902224e-01   3.6918806433e-01
   5.0930837755e-01   3.9104902224e-01   3.6918806433e-01
   5.0930837755e-01   3.9104902224e-01   3.6918806433e-01
   5.0930837755e-01   3.9104902224e-01   3.6918806433e-01
   5.0930837755e-01   3.9104902224e-01   3.5893885285e-01
   5.0930837755e-01   3.9104902224e-01   3.5893885285e-01
   5.0930837755e-01   3.9104902224e-01   3.5893885285e-01
   5.0930837755e-01   3.9104902224e-01   3.5893885285e-01
   5.0930837755e-01   3.9104902224e-01   3.6470593366e-01
   5.0930837755e-01   3.9104902224e-01   3.6470593366e-01
   5.0930837755e-01   3.9104902224e-01   3.7572003730e-01
   5.0930837755e-01   3.9104902224e-01   3.7572003730e-01
   5.0930837755e-01   3.9104902224e-01   3.6470593366e-01
   5.0930837755e-01   3.9104902224e-01   3.6470593366e-01
   5.0930837755e-01   3.9104902224e-01   3.7572003730e-01
   5.0930837755e-01   3.9104902224e-01   3.7572003730e-01
   5.0930837755e-01   4.4822019503e-01   4.2972689705e-01
   5.0930837755e-01   4.4822019503e-01   4.2972689705e-01
   5.0930837755e-01   4.4822019503e-01   4.2972689705e-01
   5.0930837755e-01   4.4822019503e-01   4.2972689705e-01
   5.0930837755e-01   4.4822019503e-01   4.3997006964e-01
   5.0930837755e-01   4.4822019503e-01   4.3997006964e-01
   5.0930837755e-01   4.4822019503e-01   4.3997006964e-01
   5.0930837755e-01   4.4822019503e-01   4.3997006964e-01
   5.0930837755e-01   4.4822019503e-01   4.0975381725e-01
   5.0930837755e-01   4.4822019503e-01   4.0975381725e-01
   5.0930837755e-01   4.4822019503e-01   4.0975381725e-01
   5.0930837755e-01   4.4822019503e-01   4.0975381725e-01
   5.0930837755e-01   4.4822019503e-01   4.3997006964e-01
   5.0930837755e-01   4.4822019503e-01   4.3997006964e-01
   5.0930837755e-01   4.4822019503e-01   4.3997006964e-01
   5.0930837755e-01   4.4822019503e-01   4.3997006964e-01
   5.0930837755e-01   4.5129739344e-01   4.4520619406e-01
   5.0930837755e-01   4.5129739344e-01   4.4520619406e-01
   5.0930837755e-01   4.5129739344e-01   4.4520619406e-01
   5.0930837755e-01   4.5129739344e-01   4.4520619406e-01
   5.0930837755e-01   4.5129739344e-01   4.6064081107e-01
   5.0930837755e-01   4.5129739344e-01   4.6064081107e-01
   5.0930837755e-01   4.5129739344e-01   4.6064081107e-01
   5.0930837755e-01   4.5129739344e-01   4.6064081107e-01
   5.0930837755e-01   4.5129739344e-01   4.3052190551e-01
   5.0930837755e-01   4.5129739344e-01   4.3052190551e-01
   5.0930837755e-01   4.5129739344e-01   4.3052190551e-01
   5.0930837755e-01   4.5129739344e-01   4.3052190551e-01
   5.0930837755e-01   4.5129739344e-01   4.6350394901e-01
   5.0930837755e-01   4.5129739344e-01   4.6350394901e-01
   5.0930837755e-01   4.5129739344e-01   4.6350394901e-01
   5.0930837755e-01   4.5129739344e-01   4.6350394901e-01
   5.0930837755e-01   4.5129739344e-01   4.5099417544e-01
   5.0930837755e-01   4.5129739344e-01   4.5099417544e-01
   5.0930837755e-01   4.5129739344e-01   4.0387656157e-01
   5.0930837755e-01   4.5129739344e-01   4.0387656157e-01
   5.0930837755e-01   4.5129739344e-01   4.0387656157e-01
   5.0930837755e-01   4.5129739344e-01   4.0387656157e-01
   5.0930837755e-01   4.5129739344e-01   4.5099417544e-01
   5.0930837755e-01   4.5129739344e-01   4.5099417544e-01
   5.0930837755e-01   4.5129739344e-01   4.6064081107e-01
   5.0930837755e-01   4.5129739344e-01   4.6064081107e-01
   5.0930837755e-01   4.5129739344e-01   4.5947366020e-01
   5.0930837755e-01   4.5129739344e-01   4.5947366020e-01
   5.0930837755e-01   4.5129739344e-01   4.1898080001e-01
   5.0930837755e-01   4.5129739344e-01   4.1898080001e-01
   5.0930837755e-01   4.5129739344e-01   4.1898080001e-01
   5.0930837755e-01   4.5129739344e-01   4.1898080001e-01
   5.4668214784e-01   6.0114202483e-01   6.3065143582e-01
   5.4668214784e-01   6.0114202483e-01   6.3065143582e-01
   5.4668214784e-01   6.0114202483e-01   6.3065143582e-01
   5.4668214784e-01   6.0114202483e-01   6.3065143582e-01
   5.4668214784e-01   6.0114202483e-01   5.7927197189e-01
   5.4668214784e-01   6.0114202483e-01   5.7927197189e-01
   5.4668214784e-01   6.0114202483e-01   5.7927197189e-01
   5.4668214784e-01   6.0114202483e-01   5.7927197189e-01
   5.4668214784e-01   6.0114202483e-01   4.7860649438e-01
   5.4668214784e-01   6.0114202483e-01   4.7860649438e-01
   5.4668214784e-01   6.0114202483e-01   6.0191483234e-01
   5.4668214784e-01   6.0114202483e-01   6.0191483234e-01
   5.4668214784e-01   6.0114202483e-01   5.4026066336e-01
   5.4668214784e-01   6.0114202483e-01   5.4026066336e-01
   5.4668214784e-01   6.0114202483e-01   5.4026066336e-01
   5.4668214784e-01   6.0114202483e-01   5.4026066336e-01
   5.4668214784e-01   6.0114202483e-01   6.5322044852e-01
   5.4668214784e-01   6.0114202483e-01   6.5322044852e-01
   5.4668214784e-01   6.0114202483e-01   5.3392133796e-01
   5.4668214784e-01   6.0114202483e-01   5.3392133796e-01
   5.4668214784e-01   6.0114202483e-01   6.5322044852e-01
   5.4668214784e-01   6.0114202483e-01   6.5322044852e-01
   5.4668214784e-01   6.0114202483e-01   5.3392133796e-01
   5.4668214784e-01   6.0114202483e-01   5.3392133796e-01
   5.4668214784e-01   6.0114202483e-01   7.1532387368e-01
   5.4668214784e-01   6.0114202483e-01   7.1532387368e-01
   5.4668214784e-01   6.0114202483e-01   7.1532387368e-01
   5.4668214784e-01   6.0114202483e-01   7.1532387368e-01
   5.4668214784e-01   6.0114202483e-01   6.5322044852e-01
   5.4668214784e-01   6.0114202483e-01   6.5322044852e-01
   5.4668214784e-01   6.0114202483e-01   6.5322044852e-01
   5.4668214784e-01   6.0114202483e-01   6.5322044852e-01
   5.4668214784e-01   6.3975098106e-01   6.3019281753e-01
   5.4668214784e-01   6.3975098106e-01   6.3019281753e-01
   5.4668214784e-01   6.3975098106e-01   6.3019281753e-01
   5.4668214784e-01   6.3975098106e-01   6.3019281753e-01
   5.4668214784e-01   6.3975098106e-01   6.8130958617e-01
   5.4668214784e-01   6.3975098106e-01   6.8130958617e-01
   5.4668214784e-01   6.3975098106e-01   6.2804744162e-01
   5.4668214784e-01   6.3975098106e-01   6.2804744162e-01
   5.4668214784e-01   6.3975098106e-01   6.2804744162e-01
   5.4668214784e-01   6.3975098106e-01   6.2804744162e-01
   5.4668214784e-01   6.3975098106e-01   6.8130958617e-01
   5.4668214784e-01   6.3975098106e-01   6.8130958617e-01
   5.4668214784e-01   6.3975098106e-01   6.5010125187e-01
   5.4668214784e-01   6.3975098106e-01   6.5010125187e-01
   5.4668214784e-01   6.3975098106e-01   6.5010125187e-01
   5.4668214784e-01   6.3975098106e-01   6.5010125187e-01
   5.4668214784e-01   6.3975098106e-01   6.3910886484e-01
   5.4668214784e-01   6.3975098106e-01   6.3910886484e-01
   5.4668214784e-01   6.3975098106e-01   6.3910886484e-01
   5.4668214784e-01   6.3975098106e-01   6.3910886484e-01
   5.4668214784e-01   6.3975098106e-01   6.3019281753e-01
   5.4668214784e-01   6.3975098106e-01   6.3019281753e-01
   5.4668214784e-01   6.3975098106e-01   6.5217759159e-01
   5.4668214784e-01   6.3975098106e-01   6.5217759159e-01
   5.4668214784e-01   6.3975098106e-01   6.8346239123e-01
   5.4668214784e-01   6.3975098106e-01   6.8346239123e-01
   5.4668214784e-01   6.3975098106e-01   6.8346239123e-01
   5.4668214784e-01   6.3975098106e-01   6.8346239123e-01
   5.4668214784e-01   6.3975098106e-01   7.0838712343e-01
   5.4668214784e-01   6.3975098106e-01   7.0838712343e-01
   5.4668214784e-01   6.3975098106e-01   7.1269273354e-01
   5.4668214784e-01   6.3975098106e-01   7.1269273354e-01
   5.4668214784e-01   6.3975098106e-01   6.5756517280e-01
   5.4668214784e-01   6.3975098106e-01   6.5756517280e-01
   5.4668214784e-01   6.3975098106e-01   6.3520941131e-01
   5.4668214784e-01   6.3975098106e-01   6.3520941131e-01
   5.4668214784e-01   6.3975098106e-01   6.0204871270e-01
   5.4668214784e-01   6.3975098106e-01   6.0204871270e-01
   5.4668214784e-01   6.3975098106e-01   6.0204871270e-01
   5.4668214784e-01   6.3975098106e-01   6.0204871270e-01
   5.4668214784e-01   6.3975098106e-01   6.5062352575e-01
   5.4668214784e-01   6.3975098106e-01   6.5062352575e-01
   5.4668214784e-01   6.3975098106e-01   5.4865830318e-01
   5.4668214784e-01   6.3975098106e-01   5.4865830318e-01
   5.4668214784e-01   6.3975098106e-01   6.4114639975e-01
   5.4668214784e-01   6.3975098106e-01   6.4114639975e-01
   5.4668214784e-01   6.3975098106e-01   6.5062352575e-01
   5.4668214784e-01   6.3975098106e-01   6.5062352575e-01
   5.4668214784e-01   6.3975098106e-01   6.0376498165e-01
   5.4668214784e-01   6.3975098106e-01   6.0376498165e-01
   5.4668214784e-01   6.3975098106e-01   6.0376498165e-01
   5.4668214784e-01   6.3975098106e-01   6.0376498165e-01
   5.4668214784e-01   6.3975098106e-01   6.4312219642e-01
   5.4668214784e-01   6.3975098106e-01   6.4312219642e-01
   5.4668214784e-01   6.3975098106e-01   6.4312219642e-01
   5.4668214784e-01   6.3975098106e-01   6.4312219642e-01
   5.4668214784e-01   6.3975098106e-01   6.6665384098e-01
   5.4668214784e-01   6.3975098106e-01   6.6665384098e-01
   5.4668214784e-01   6.3975098106e-01   6.0376498165e-01
   5.4668214784e-01   6.3975098106e-01   6.0376498165e-01
   5.4668214784e-01   6.3975098106e-01   6.4638729206e-01
   5.4668214784e-01   6.3975098106e-01   6.4638729206e-01
   5.4668214784e-01   6.3975098106e-01   6.4638729206e-01
   5.4668214784e-01   6.3975098106e-01   6.4638729206e-01
   5.4668214784e-01   6.4793525864e-01   6.3481207170e-01
   5.4668214784e-01   6.4793525864e-01   6.3481207170e-01
   5.4668214784e-01   6.4793525864e-01   6.1206397327e-01
   5.4668214784e-01   6.4793525864e-01   6.1206397327e-01
   5.4668214784e-01   6.4793525864e-01   6.6229958201e-01
   5.4668214784e-01   6.4793525864e-01   6.6229958201e-01
   5.4668214784e-01   6.4793525864e-01   6.7686128336e-01
   5.4668214784e-01   6.4793525864e-01   6.7686128336e-01
   5.4668214784e-01   6.4793525864e-01   6.4773788065e-01
   5.4668214784e-01   6.4793525864e-01   6.4773788065e-01
   5.4668214784e-01   6.4793525864e-01   6.6229958201e-01
   5.4668214784e-01   6.4793525864e-01   6.6229958201e-01
   5.4668214784e-01   6.4793525864e-01   6.3481207170e-01
   5.4668214784e-01   6.4793525864e-01   6.3481207170e-01
   5.4668214784e-01   6.4793525864e-01   6.1206397327e-01
   5.4668214784e-01   6.4793525864e-01   6.1206397327e-01
   5.4668214784e-01   6.4793525864e-01   6.6154301984e-01
   5.4668214784e-01   6.4793525864e-01   6.6154301984e-01
   5.4668214784e-01   6.4793525864e-01   6.6154301984e-01
   5.4668214784e-01   6.4793525864e-01   6.6154301984e-01
   5.4668214784e-01   6.4793525864e-01   6.3481207170e-01
   5.4668214784e-01   6.4793525864e-01   6.3481207170e-01
   5.4668214784e-01   6.4793525864e-01   6.3481207170e-01
   5.4668214784e-01   6.4793525864e-01   6.3481207170e-01
   5.4668214784e-01   6.4793525864e-01   6.3189221158e-01
   5.4668214784e-01   6.4793525864e-01   6.3189221158e-01
   5.4668214784e-01   6.4793525864e-01   6.4171478153e-01
   5.4668214784e-01   6.4793525864e-01   6.4171478153e-01
   5.4668214784e-01   6.4793525864e-01   6.3680349656e-01
   5.4668214784e-01   6.4793525864e-01   6.3680349656e-01
   5.4668214784e-01   6.4793525864e-01   6.3680349656e-01
   5.4668214784e-01   6.4793525864e-01   6.3680349656e-01
   6.2904968974e-01   6.2305230422e-01   6.3490615035e-01
   6.2904968974e-01   6.2305230422e-01   6.3490615035e-01
   6.2904968974e-01   6.2305230422e-01   6.0734783144e-01
   6.2904968974e-01   6.2305230422e-01   6.0734783144e-01
   6.2904968974e-01   6.2305230422e-01   5.5039857078e-01
   6.2904968974e-01   6.2305230422e-01   5.5039857078e-01
   6.2904968974e-01   6.2305230422e-01   3.8436382851e-01
   6.2904968974e-01   6.2305230422e-01   3.8436382851e-01
   6.2904968974e-01   6.2305230422e-01   6.3490615035e-01
   6.2904968974e-01   6.2305230422e-01   6.3490615035e-01
   6.2904968974e-01   6.2305230422e-01   6.6246446926e-01
   6.2904968974e-01   6.2305230422e-01   6.6246446926e-01
   6.2904968974e-01   6.2305230422e-01   6.3419055475e-01
   6.2904968974e-01   6.2305230422e-01   6.3419055475e-01
   6.2904968974e-01   6.2305230422e-01   6.3419055475e-01
   6.2904968974e-01   6.2305230422e-01   6.3419055475e-01
   6.2904968974e-01   6.2305230422e-01   6.4540108681e-01
   6.2904968974e-01   6.2305230422e-01   6.4540108681e-01
   6.2904968974e-01   6.2305230422e-01   6.4540108681e-01
   6.2904968974e-01   6.2305230422e-01   6.4540108681e-01
   6.2904968974e-01   6.2305230422e-01   6.3490615035e-01
   6.2904968974e-01   6.2305230422e-01   6.3490615035e-01
   6.2904968974e-01   6.2305230422e-01   6.3490615035e-01
   6.2904968974e-01   6.2305230422e-01   6.3490615035e-01
   6.2904968974e-01   6.2305230422e-01   6.5589602328e-01
   6.2904968974e-01   6.2305230422e-01   6.5589602328e-01
   6.2904968974e-01   6.2305230422e-01   7.7094690671e-01
   6.2904968974e-01   6.2305230422e-01   7.7094690671e-01
   6.2904968974e-01   6.2305230422e-01   6.3490615035e-01
   6.2904968974e-01   6.2305230422e-01   6.3490615035e-01
   6.2904968974e-01   6.2305230422e-01   7.7094690671e-01
   6.2904968974e-01   6.2305230422e-01   7.7094690671e-01
   6.2904968974e-01   6.0023680692e-01   6.4299644212e-01
   6.2904968974e-01   6.0023680692e-01   6.4299644212e-01
   6.2904968974e-01   6.0023680692e-01   6.3957990668e-01
   6.2904968974e-01   6.0023680692e-01   6.3957990668e-01
   6.2904968974e-01   6.0023680692e-01   6.4299644212e-01
   6.2904968974e-01   6.0023680692e-01   6.4299644212e-01
   6.2904968974e-01   6.0023680692e-01   6.3957990668e-01
   6.2904968974e-01   6.0023680692e-01   6.3957990668e-01
   6.2904968974e-01   6.0023680692e-01   5.9459928874e-01
   6.2904968974e-01   6.0023680692e-01   5.9459928874e-01
   6.2904968974e-01   6.0023680692e-01   5.9459928874e-01
   6.2904968974e-01   6.0023680692e-01   5.9459928874e-01
   6.2904968974e-01   6.0023680692e-01   5.3530809755e-01
   6.2904968974e-01   6.0023680692e-01   5.3530809755e-01
   6.2904968974e-01   6.0023680692e-01   5.3530809755e-01
   6.2904968974e-01   6.0023680692e-01   5.3530809755e-01
   6.2904968974e-01   6.0023680692e-01   3.8190078850e-01
   6.2904968974e-01   6.0023680692e-01   3.8190078850e-01
   6.2904968974e-01   6.0023680692e-01   5.2267540711e-01
   6.2904968974e-01   6.0023680692e-01   5.2267540711e-01
   6.2904968974e-01   6.0023680692e-01   5.2238325390e-01
   6.2904968974e-01   6.0023680692e-01   5.2238325390e-01
   6.2904968974e-01   6.0023680692e-01   3.8190078850e-01
   6.2904968974e-01   6.0023680692e-01   3.8190078850e-01
   6.2904968974e-01   6.0023680692e-01   6.9129828611e-01
   6.2904968974e-01   6.0023680692e-01   6.9129828611e-01
   6.2904968974e-01   6.0023680692e-01   6.9129828611e-01
   6.2904968974e-01   6.0023680692e-01   6.9129828611e-01
   6.2904968974e-01   6.0023680692e-01   5.2267540711e-01
   6.2904968974e-01   6.0023680692e-01   5.2267540711e-01
   6.2904968974e-01   6.0023680692e-01   5.2296756032e-01
   6.2904968974e-01   6.0023680692e-01   5.2296756032e-01
   4.2694083564e-01   5.6041992086e-01   6.1044380560e-01
   4.2694083564e-01   5.6041992086e-01   6.1044380560e-01
   4.2694083564e-01   5.6041992086e-01   6.1044380560e-01
   4.2694083564e-01   5.6041992086e-01   6.1044380560e-01
   4.2694083564e-01   5.6041992086e-01   4.5981329314e-01
   4.2694083564e-01   5.6041992086e-01   4.5981329314e-01
   4.2694083564e-01   5.6041992086e-01   4.8302735569e-01
   4.2694083564e-01   5.6041992086e-01   4.8302735569e-01
   4.2694083564e-01   5.6041992086e-01   5.6023363478e-01
   4.2694083564e-01   5.6041992086e-01   5.6023363478e-01
   4.2694083564e-01   5.6041992086e-01   4.8302735569e-01
   4.2694083564e-01   5.6041992086e-01   4.8302735569e-01
   4.2694083564e-01   5.6041992086e-01   4.8302735569e-01
   4.2694083564e-01   5.6041992086e-01   4.8302735569e-01
   4.2694083564e-01   5.6041992086e-01   4.8302735569e-01
   4.2694083564e-01   5.6041992086e-01   4.8302735569e-01
   4.2694083564e-01   5.7622631107e-01   4.3451924792e-01
   4.2694083564e-01   5.7622631107e-01   4.3451924792e-01
   4.2694083564e-01   5.7622631107e-01   4.2423390807e-01
   4.2694083564e-01   5.7622631107e-01   4.2423390807e-01
   4.2694083564e-01   5.7622631107e-01   4.1393274239e-01
   4.2694083564e-01   5.7622631107e-01   4.1393274239e-01
   4.2694083564e-01   5.7622631107e-01   4.3451924792e-01
   4.2694083564e-01   5.7622631107e-01   4.3451924792e-01
   4.2694083564e-01   5.7622631107e-01   4.2705785327e-01
   4.2694083564e-01   5.7622631107e-01   4.2705785327e-01
   4.2694083564e-01   5.7622631107e-01   4.2705785327e-01
   4.2694083564e-01   5.7622631107e-01   4.2705785327e-01
   4.2694083564e-01   5.7622631107e-01   4.2705785327e-01
   4.2694083564e-01   5.7622631107e-01   4.2705785327e-01
   4.2694083564e-01   5.7622631107e-01   4.2705785327e-01
   4.2694083564e-01   5.7622631107e-01   4.2705785327e-01
   4.2694083564e-01   5.7622631107e-01   5.5560688457e-01
   4.2694083564e-01   5.7622631107e-01   5.5560688457e-01
   4.2694083564e-01   5.7622631107e-01   5.5560688457e-01
   4.2694083564e-01   5.7622631107e-01   5.5560688457e-01
   4.2694083564e-01   5.7622631107e-01   6.7844652200e-01
   4.2694083564e-01   5.7622631107e-01   6.7844652200e-01
   4.2694083564e-01   5.7622631107e-01   6.7844652200e-01
   4.2694083564e-01   5.7622631107e-01   6.7844652200e-01
   4.2694083564e-01   5.7622631107e-01   4.2946024571e-01
   4.2694083564e-01   5.7622631107e-01   4.2946024571e-01
   4.2694083564e-01   5.7622631107e-01   4.4660795980e-01
   4.2694083564e-01   5.7622631107e-01   4.4660795980e-01
   4.2694083564e-01   5.7622631107e-01   5.5034002897e-01
   4.2694083564e-01   5.7622631107e-01   5.5034002897e-01
   4.2694083564e-01   5.7622631107e-01   5.5034002897e-01
   4.2694083564e-01   5.7622631107e-01   5.5034002897e-01
   4.2694083564e-01   6.0783909149e-01   5.7007636641e-01
   4.2694083564e-01   6.0783909149e-01   5.7007636641e-01
   4.2694083564e-01   6.0783909149e-01   5.7007636641e-01
   4.2694083564e-01   6.0783909149e-01   5.7007636641e-01
   4.2694083564e-01   6.0783909149e-01   5.7007636641e-01
   4.2694083564e-01   6.0783909149e-01   5.7007636641e-01
   4.2694083564e-01   6.0783909149e-01   5.7007636641e-01
   4.2694083564e-01   6.0783909149e-01   5.7007636641e-01
   4.2694083564e-01   5.7622631107e-01   4.3420295222e-01
   4.2694083564e-01   5.7622631107e-01   4.3420295222e-01
   4.2694083564e-01   5.7622631107e-01   4.3420295222e-01
   4.2694083564e-01   5.7622631107e-01   4.3420295222e-01
   4.2694083564e-01   5.7622631107e-01   4.3420295222e-01
   4.2694083564e-01   5.7622631107e-01   4.3420295222e-01
   4.2694083564e-01   5.7622631107e-01   4.3420295222e-01
   4.2694083564e-01   5.7622631107e-01   4.3420295222e-01
   5.2799526269e-01   3.5406995846e-01   4.3524971700e-01
   5.2799526269e-01   3.5406995846e-01   4.3524971700e-01
   5.2799526269e-01   3.5406995846e-01   4.3524971700e-01
   5.2799526269e-01   3.5406995846e-01   4.3524971700e-01
   5.2799526269e-01   3.5406995846e-01   3.8879819766e-01
   5.2799526269e-01   3.5406995846e-01   3.8879819766e-01
   5.2799526269e-01   3.5406995846e-01   3.8633037090e-01
   5.2799526269e-01   3.5406995846e-01   3.8633037090e-01
   5.2799526269e-01   6.0359128357e-01   6.1586752469e-01
   5.2799526269e-01   6.0359128357e-01   6.1586752469e-01
   5.2799526269e-01   6.0359128357e-01   6.1586752469e-01
   5.2799526269e-01   6.0359128357e-01   6.1586752469e-01
   5.2799526269e-01   6.0359128357e-01   6.1371976871e-01
   5.2799526269e-01   6.0359128357e-01   6.1371976871e-01
   5.2799526269e-01   6.0359128357e-01   6.0942425674e-01
   5.2799526269e-01   6.0359128357e-01   6.0942425674e-01
   5.2799526269e-01   3.5406995846e-01   3.3272307767e-01
   5.2799526269e-01   3.5406995846e-01   3.3272307767e-01
   5.2799526269e-01   3.5406995846e-01   3.3272307767e-01
   5.2799526269e-01   3.5406995846e-01   3.3272307767e-01
   5.2799526269e-01   3.5406995846e-01   3.3272307767e-01
   5.2799526269e-01   3.5406995846e-01   3.3272307767e-01
   5.2799526269e-01   3.5406995846e-01   3.3272307767e-01
   5.2799526269e-01   3.5406995846e-01   3.3272307767e-01
   5.2799526269e-01   6.0359128357e-01   6.4434360528e-01
   5.2799526269e-01   6.0359128357e-01   6.4434360528e-01
   5.2799526269e-01   6.0359128357e-01   6.4434360528e-01
   5.2799526269e-01   6.0359128357e-01   6.4434360528e-01
   5.2799526269e-01   6.0359128357e-01   6.8186655826e-01
   5.2799526269e-01   6.0359128357e-01   6.8186655826e-01
   5.2799526269e-01   6.0359128357e-01   6.8186655826e-01
   5.2799526269e-01   6.0359128357e-01   6.8186655826e-01
   5.2799526269e-01   3.5406995846e-01   4.0476617325e-01
   5.2799526269e-01   3.5406995846e-01   4.0476617325e-01
   5.2799526269e-01   3.5406995846e-01   3.8341313732e-01
   5.2799526269e-01   3.5406995846e-01   3.8341313732e-01
   5.2799526269e-01   3.5406995846e-01   3.8756428428e-01
   5.2799526269e-01   3.5406995846e-01   3.8756428428e-01
   5.2799526269e-01   3.5406995846e-01   3.8756428428e-01
   5.2799526269e-01   3.5406995846e-01   3.8756428428e-01
   5.2799526269e-01   6.0359128357e-01   5.5158056122e-01
   5.2799526269e-01   6.0359128357e-01   5.5158056122e-01
   5.2799526269e-01   6.0359128357e-01   5.5158056122e-01
   5.2799526269e-01   6.0359128357e-01   5.5158056122e-01
   5.2799526269e-01   6.0359128357e-01   5.5757861325e-01
   5.2799526269e-01   6.0359128357e-01   5.5757861325e-01
   5.2799526269e-01   6.0359128357e-01   5.4558250920e-01
   5.2799526269e-01   6.0359128357e-01   5.4558250920e-01
   5.2799526269e-01   6.0359128357e-01   4.8970467632e-01
   5.2799526269e-01   6.0359128357e-01   4.8970467632e-01
   5.2799526269e-01   6.0359128357e-01   4.8970467632e-01
   5.2799526269e-01   6.0359128357e-01   4.8970467632e-01
   5.2799526269e-01   6.0359128357e-01   5.0873870475e-01
   5.2799526269e-01   6.0359128357e-01   5.0873870475e-01
   5.2799526269e-01   6.0359128357e-01   4.9962103565e-01
   5.2799526269e-01   6.0359128357e-01   4.9962103565e-01
   5.2799526269e-01   3.5406995846e-01   3.7802587887e-01
   5.2799526269e-01   3.5406995846e-01   3.7802587887e-01
   5.2799526269e-01   3.5406995846e-01   3.7802587887e-01
   5.2799526269e-01   3.5406995846e-01   3.7802587887e-01
   5.2799526269e-01   3.5406995846e-01   3.9399165636e-01
   5.2799526269e-01   3.5406995846e-01   3.9399165636e-01
   5.2799526269e-01   3.5406995846e-01   3.8341313732e-01
   5.2799526269e-01   3.5406995846e-01   3.8341313732e-01
   5.2799526269e-01   4.7077734902e-01   6.2925083276e-01
   5.2799526269e-01   4.7077734902e-01   6.2925083276e-01
   5.2799526269e-01   4.7077734902e-01   6.3003523962e-01
   5.2799526269e-01   4.7077734902e-01   6.3003523962e-01
   5.2799526269e-01   4.7077734902e-01   4.8628038685e-01
   5.2799526269e-01   4.7077734902e-01   4.8628038685e-01
   5.2799526269e-01   4.7077734902e-01   4.8628038685e-01
   5.2799526269e-01   4.7077734902e-01   4.8628038685e-01
   5.2799526269e-01   4.7077734902e-01   6.2925083276e-01
   5.2799526269e-01   4.7077734902e-01   6.2925083276e-01
   5.2799526269e-01   4.7077734902e-01   5.0645482479e-01
   5.2799526269e-01   4.7077734902e-01   5.0645482479e-01
   5.2799526269e-01   4.7077734902e-01   6.3003523962e-01
   5.2799526269e-01   4.7077734902e-01   6.3003523962e-01
   5.2799526269e-01   4.7077734902e-01   5.0645482479e-01
   5.2799526269e-01   4.7077734902e-01   5.0645482479e-01
   5.2799526269e-01   4.6004175971e-01   4.8787856367e-01
   5.2799526269e-01   4.6004175971e-01   4.8787856367e-01
   5.2799526269e-01   4.6004175971e-01   4.8787856367e-01
   5.2799526269e-01   4.6004175971e-01   4.8787856367e-01
   5.2799526269e-01   4.6004175971e-01   5.7454582998e-01
   5.2799526269e-01   4.6004175971e-01   5.7454582998e-01
   5.2799526269e-01   4.6004175971e-01   5.7454582998e-01
   5.2799526269e-01   4.6004175971e-01   5.7454582998e-01
   5.2799526269e-01   4.6004175971e-01   4.0248731723e-01
   5.2799526269e-01   4.6004175971e-01   4.0248731723e-01
   5.2799526269e-01   4.6004175971e-01   5.7454582998e-01
   5.2799526269e-01   4.6004175971e-01   5.7454582998e-01
   5.2799526269e-01   4.6004175971e-01   4.0248731723e-01
   5.2799526269e-01   4.6004175971e-01   4.0248731723e-01
   5.2799526269e-01   4.6004175971e-01   5.7454582998e-01
   5.2799526269e-01   4.6004175971e-01   5.7454582998e-01
   5.2799526269e-01   4.7077734902e-01   5.7656931284e-01
   5.2799526269e-01   4.7077734902e-01   5.7656931284e-01
   5.2799526269e-01   4.7077734902e-01   5.7656931284e-01
   5.2799526269e-01   4.7077734902e-01   5.7656931284e-01
   5.2799526269e-01   4.7077734902e-01   5.2662926273e-01
   5.2799526269e-01   4.7077734902e-01   5.2662926273e-01
   5.2799526269e-01   4.7077734902e-01   5.2662926273e-01
   5.2799526269e-01   4.7077734902e-01   5.2662926273e-01
   5.2799526269e-01   4.7077734902e-01   5.4151206882e-01
   5.2799526269e-01   4.7077734902e-01   5.4151206882e-01
   5.2799526269e-01   4.7077734902e-01   5.4151206882e-01
   5.2799526269e-01   4.7077734902e-01   5.4151206882e-01
   5.2799526269e-01   4.7077734902e-01   5.4151206882e-01
   5.2799526269e-01   4.7077734902e-01   5.4151206882e-01
   5.2799526269e-01   4.7077734902e-01   5.4151206882e-01
   5.2799526269e-01   4.7077734902e-01   5.4151206882e-01
   5.2799526269e-01   4.8151293832e-01   5.8744101782e-01
   5.2799526269e-01   4.8151293832e-01   5.8744101782e-01
   5.2799526269e-01   4.8151293832e-01   5.8744101782e-01
   5.2799526269e-01   4.8151293832e-01   5.8744101782e-01
   5.2799526269e-01   4.8151293832e-01   6.1699873101e-01
   5.2799526269e-01   4.8151293832e-01   6.1699873101e-01
   5.2799526269e-01   4.8151293832e-01   6.1699873101e-01
   5.2799526269e-01   4.8151293832e-01   6.1699873101e-01
   5.2799526269e-01   4.8151293832e-01   5.6058359374e-01
   5.2799526269e-01   4.8151293832e-01   5.6058359374e-01
   5.2799526269e-01   4.8151293832e-01   6.3455326382e-01
   5.2799526269e-01   4.8151293832e-01   6.3455326382e-01
   5.2799526269e-01   4.8151293832e-01   6.1512296160e-01
   5.2799526269e-01   4.8151293832e-01   6.1512296160e-01
   5.2799526269e-01   4.8151293832e-01   6.1512296160e-01
   5.2799526269e-01   4.8151293832e-01   6.1512296160e-01
   1.4346309670e+00   1.3698624256e+00   1.3411756689e+00
   1.4346309670e+00   1.3698624256e+00   1.3411756689e+00
   1.4346309670e+00   1.3698624256e+00   1.3446218590e+00
   1.4346309670e+00   1.3698624256e+00   1.3446218590e+00
   1.4346309670e+00   1.3698624256e+00   1.3446218590e+00
   1.4346309670e+00   1.3698624256e+00   1.3446218590e+00
   1.4346309670e+00   1.3698624256e+00   1.3424853693e+00
   1.4346309670e+00   1.3698624256e+00   1.3424853693e+00
   1.4346309670e+00   1.3698624256e+00   1.3446218590e+00
   1.4346309670e+00   1.3698624256e+00   1.3446218590e+00
   1.4346309670e+00   1.3698624256e+00   1.3424853693e+00
   1.4346309670e+00   1.3698624256e+00   1.3424853693e+00
   1.4346309670e+00   1.3698624256e+00   1.3411756689e+00
   1.4346309670e+00   1.3698624256e+00   1.3411756689e+00
   1.4346309670e+00   1.3698624256e+00   1.3446218590e+00
   1.4346309670e+00   1.3698624256e+00   1.3446218590e+00
   1.4346309670e+00   1.3294008749e+00   1.2704389831e+00
   1.4346309670e+00   1.3294008749e+00   1.2704389831e+00
   1.4346309670e+00   1.3294008749e+00   1.4122906176e+00
   1.4346309670e+00   1.3294008749e+00   1.4122906176e+00
   1.4346309670e+00   1.3294008749e+00   1.4122906176e+00
   1.4346309670e+00   1.3294008749e+00   1.4122906176e+00
   1.4346309670e+00   1.3294008749e+00   1.2704389831e+00
   1.4346309670e+00   1.3294008749e+00   1.2704389831e+00
   1.4346309670e+00   1.3294008749e+00   1.4442892356e+00
   1.4346309670e+00   1.3294008749e+00   1.4442892356e+00
   1.4346309670e+00   1.3294008749e+00   1.4442892356e+00
   1.4346309670e+00   1.3294008749e+00   1.4442892356e+00
   1.4346309670e+00   1.3294008749e+00   1.2727626400e+00
   1.4346309670e+00   1.3294008749e+00   1.2727626400e+00
   1.4346309670e+00   1.3294008749e+00   1.2727626400e+00
   1.4346309670e+00   1.3294008749e+00   1.2727626400e+00
   1.4346309670e+00   1.3698624256e+00   1.3545557566e+00
   1.4346309670e+00   1.3698624256e+00   1.3545557566e+00
   1.4346309670e+00   1.3698624256e+00   1.3545557566e+00
   1.4346309670e+00   1.3698624256e+00   1.3545557566e+00
   1.4346309670e+00   1.3698624256e+00   1.3466543540e+00
   1.4346309670e+00   1.3698624256e+00   1.3466543540e+00
   1.4346309670e+00   1.3698624256e+00   1.3466543540e+00
   1.4346309670e+00   1.3698624256e+00   1.3466543540e+00
   1.4346309670e+00   1.3698624256e+00   1.2897872801e+00
   1.4346309670e+00   1.3698624256e+00   1.2897872801e+00
   1.4346309670e+00   1.3698624256e+00   1.2897872801e+00
   1.4346309670e+00   1.3698624256e+00   1.2897872801e+00
   1.4346309670e+00   1.3698624256e+00   1.2897872801e+00
   1.4346309670e+00   1.3698624256e+00   1.2897872801e+00
   1.4346309670e+00   1.3698624256e+00   1.2897872801e+00
   1.4346309670e+00   1.3698624256e+00   1.2897872801e+00
   1.4346309670e+00   1.3294008749e+00   1.2716008116e+00
   1.4346309670e+00   1.3294008749e+00   1.2716008116e+00
   1.4346309670e+00   1.3294008749e+00   1.4442892356e+00
   1.4346309670e+00   1.3294008749e+00   1.4442892356e+00
   1.4346309670e+00   1.3294008749e+00   1.3318604228e+00
   1.4346309670e+00   1.3294008749e+00   1.3318604228e+00
   1.4346309670e+00   1.3294008749e+00   1.3318604228e+00
   1.4346309670e+00   1.3294008749e+00   1.3318604228e+00
   1.4346309670e+00   1.3294008749e+00   1.3909582057e+00
   1.4346309670e+00   1.3294008749e+00   1.3909582057e+00
   1.4346309670e+00   1.3294008749e+00   1.3567831951e+00
   1.4346309670e+00   1.3294008749e+00   1.3567831951e+00
   1.4346309670e+00   1.3294008749e+00   1.2727626400e+00
   1.4346309670e+00   1.3294008749e+00   1.2727626400e+00
   1.4346309670e+00   1.3294008749e+00   1.3567831951e+00
   1.4346309670e+00   1.3294008749e+00   1.3567831951e+00
   1.4346309670e+00   1.3324041382e+00   1.2653694552e+00
   1.4346309670e+00   1.3324041382e+00   1.2653694552e+00
   1.4346309670e+00   1.3324041382e+00   1.2713477681e+00
   1.4346309670e+00   1.3324041382e+00   1.2713477681e+00
   1.4346309670e+00   1.3324041382e+00   1.2653694552e+00
   1.4346309670e+00   1.3324041382e+00   1.2653694552e+00
   1.4346309670e+00   1.3324041382e+00   1.2878658580e+00
   1.4346309670e+00   1.3324041382e+00   1.2878658580e+00
   1.4346309670e+00   1.3240824581e+00   1.2723718855e+00
   1.4346309670e+00   1.3240824581e+00   1.2723718855e+00
   1.4346309670e+00   1.3240824581e+00   1.2723718855e+00
   1.4346309670e+00   1.3240824581e+00   1.2723718855e+00
   1.4346309670e+00   1.3240824581e+00   1.3335905734e+00
   1.4346309670e+00   1.3240824581e+00   1.3335905734e+00
   1.4346309670e+00   1.3240824581e+00   1.3041394618e+00
   1.4346309670e+00   1.3240824581e+00   1.3041394618e+00
   1.4346309670e+00   1.3254694048e+00   1.3006826311e+00
   1.4346309670e+00   1.3254694048e+00   1.3006826311e+00
   1.4346309670e+00   1.3254694048e+00   1.3006826311e+00
   1.4346309670e+00   1.3254694048e+00   1.3006826311e+00
   1.4346309670e+00   1.3254694048e+00   1.2723718855e+00
   1.4346309670e+00   1.3254694048e+00   1.2723718855e+00
   1.4346309670e+00   1.3254694048e+00   1.2723718855e+00
   1.4346309670e+00   1.3254694048e+00   1.2723718855e+00
   1.4346309670e+00   1.3254694048e+00   1.3041394618e+00
   1.4346309670e+00   1.3254694048e+00   1.3041394618e+00
   1.4346309670e+00   1.3254694048e+00   1.3041394618e+00
   1.4346309670e+00   1.3254694048e+00   1.3041394618e+00
   1.4346309670e+00   1.3254694048e+00   1.2859570753e+00
   1.4346309670e+00   1.3254694048e+00   1.2859570753e+00
   1.4346309670e+00   1.3254694048e+00   1.2859570753e+00
   1.4346309670e+00   1.3254694048e+00   1.2859570753e+00
   1.4346309670e+00   1.3238530882e+00   1.3604227876e+00
   1.4346309670e+00   1.3238530882e+00   1.3604227876e+00
   1.4346309670e+00   1.3238530882e+00   1.2583331245e+00
   1.4346309670e+00   1.3238530882e+00   1.2583331245e+00
   1.4346309670e+00   1.3238530882e+00   1.3604227876e+00
   1.4346309670e+00   1.3238530882e+00   1.3604227876e+00
   1.4346309670e+00   1.3238530882e+00   1.3604227876e+00
   1.4346309670e+00   1.3238530882e+00   1.3604227876e+00
   1.4346309670e+00   1.3238530882e+00   1.2550281115e+00
   1.4346309670e+00   1.3238530882e+00   1.2550281115e+00
   1.4346309670e+00   1.3238530882e+00   1.2550281115e+00
   1.4346309670e+00   1.3238530882e+00   1.2550281115e+00
   1.4346309670e+00   1.3238530882e+00   1.2550281115e+00
   1.4346309670e+00   1.3238530882e+00   1.2550281115e+00
   1.4346309670e+00   1.3238530882e+00   1.2550281115e+00
   1.4346309670e+00   1.3238530882e+00   1.2550281115e+00
   1.4346309670e+00   1.3238530882e+00   1.3134106318e+00
   1.4346309670e+00   1.3238530882e+00   1.3134106318e+00
   1.4346309670e+00   1.3238530882e+00   1.2583331245e+00
   1.4346309670e+00   1.3238530882e+00   1.2583331245e+00
   1.4346309670e+00   1.3238530882e+00   1.2672374885e+00
   1.4346309670e+00   1.3238530882e+00   1.2672374885e+00
   1.4346309670e+00   1.3238530882e+00   1.2672374885e+00
   1.4346309670e+00   1.3238530882e+00   1.2672374885e+00
   1.4346309670e+00   1.3238530882e+00   1.2814632034e+00
   1.4346309670e+00   1.3238530882e+00   1.2814632034e+00
   1.4346309670e+00   1.3238530882e+00   1.2530117737e+00
   1.4346309670e+00   1.3238530882e+00   1.2530117737e+00
   1.4346309670e+00   1.3238530882e+00   1.2805505273e+00
   1.4346309670e+00   1.3238530882e+00   1.2805505273e+00
   1.4346309670e+00   1.3238530882e+00   1.2805505273e+00
   1.4346309670e+00   1.3238530882e+00   1.2805505273e+00
   1.5093785076e+00   1.5976266172e+00   1.6089849094e+00
   1.5093785076e+00   1.5976266172e+00   1.6089849094e+00
   1.5093785076e+00   1.5976266172e+00   1.6089849094e+00
   1.5093785076e+00   1.5976266172e+00   1.6089849094e+00
   1.5093785076e+00   1.5976266172e+00   1.7265532010e+00
   1.5093785076e+00   1.5976266172e+00   1.7265532010e+00
   1.5093785076e+00   1.5976266172e+00   1.7265532010e+00
   1.5093785076e+00   1.5976266172e+00   1.7265532010e+00
   1.5093785076e+00   1.5937673966e+00   1.6546832443e+00
   1.5093785076e+00   1.5937673966e+00   1.6546832443e+00
   1.5093785076e+00   1.5937673966e+00   1.5772829923e+00
   1.5093785076e+00   1.5937673966e+00   1.5772829923e+00
   1.5093785076e+00   1.5937673966e+00   1.6363112994e+00
   1.5093785076e+00   1.5937673966e+00   1.6363112994e+00
   1.5093785076e+00   1.5937673966e+00   1.6363112994e+00
   1.5093785076e+00   1.5937673966e+00   1.6363112994e+00
   1.5093785076e+00   1.5918377863e+00   1.6384695386e+00
   1.5093785076e+00   1.5918377863e+00   1.6384695386e+00
   1.5093785076e+00   1.5918377863e+00   1.6384695386e+00
   1.5093785076e+00   1.5918377863e+00   1.6384695386e+00
   1.5093785076e+00   1.5918377863e+00   1.6199860058e+00
   1.5093785076e+00   1.5918377863e+00   1.6199860058e+00
   1.5093785076e+00   1.5918377863e+00   1.6588818553e+00
   1.5093785076e+00   1.5918377863e+00   1.6588818553e+00
   1.5093785076e+00   1.5918377863e+00   1.6320329077e+00
   1.5093785076e+00   1.5918377863e+00   1.6320329077e+00
   1.5093785076e+00   1.5918377863e+00   1.6449061695e+00
   1.5093785076e+00   1.5918377863e+00   1.6449061695e+00
   1.5093785076e+00   1.5918377863e+00   1.6199860058e+00
   1.5093785076e+00   1.5918377863e+00   1.6199860058e+00
   1.5093785076e+00   1.5918377863e+00   1.5810901564e+00
   1.5093785076e+00   1.5918377863e+00   1.5810901564e+00
   1.5093785076e+00   1.5937673966e+00   1.5893965048e+00
   1.5093785076e+00   1.5937673966e+00   1.5893965048e+00
   1.5093785076e+00   1.5937673966e+00   1.5893965048e+00
   1.5093785076e+00   1.5937673966e+00   1.5893965048e+00
   1.5093785076e+00   1.5937673966e+00   1.5813205115e+00
   1.5093785076e+00   1.5937673966e+00   1.5813205115e+00
   1.5093785076e+00   1.5937673966e+00   1.5651685249e+00
   1.5093785076e+00   1.5937673966e+00   1.5651685249e+00
   1.5093785076e+00   1.5899081760e+00   1.6556745774e+00
   1.5093785076e+00   1.5899081760e+00   1.6556745774e+00
   1.5093785076e+00   1.5899081760e+00   1.6556745774e+00
   1.5093785076e+00   1.5899081760e+00   1.6556745774e+00
   1.5093785076e+00   1.5899081760e+00   1.6556745774e+00
   1.5093785076e+00   1.5899081760e+00   1.6556745774e+00
   1.5093785076e+00   1.5899081760e+00   1.6556745774e+00
   1.5093785076e+00   1.5899081760e+00   1.6556745774e+00
   1.5093785076e+00   1.5937673966e+00   1.6360720072e+00
   1.5093785076e+00   1.5937673966e+00   1.6360720072e+00
   1.5093785076e+00   1.5937673966e+00   1.6360720072e+00
   1.5093785076e+00   1.5937673966e+00   1.6360720072e+00
   1.5093785076e+00   1.5937673966e+00   1.6420874114e+00
   1.5093785076e+00   1.5937673966e+00   1.6420874114e+00
   1.5093785076e+00   1.5937673966e+00   1.6216593810e+00
   1.5093785076e+00   1.5937673966e+00   1.6216593810e+00
   1.5093785076e+00   1.5976266172e+00   1.6203006032e+00
   1.5093785076e+00   1.5976266172e+00   1.6203006032e+00
   1.5093785076e+00   1.5976266172e+00   1.6203006032e+00
   1.5093785076e+00   1.5976266172e+00   1.6203006032e+00
   1.5093785076e+00   1.5976266172e+00   1.6089849094e+00
   1.5093785076e+00   1.5976266172e+00   1.6089849094e+00
   1.5093785076e+00   1.5976266172e+00   1.6089849094e+00
   1.5093785076e+00   1.5976266172e+00   1.6089849094e+00
   1.5093785076e+00   1.5943708259e+00   1.5740746144e+00
   1.5093785076e+00   1.5943708259e+00   1.5740746144e+00
   1.5093785076e+00   1.5943708259e+00   1.5740746144e+00
   1.5093785076e+00   1.5943708259e+00   1.5740746144e+00
   1.5093785076e+00   1.5943708259e+00   1.5954767167e+00
   1.5093785076e+00   1.5943708259e+00   1.5954767167e+00
   1.5093785076e+00   1.5943708259e+00   1.5339619326e+00
   1.5093785076e+00   1.5943708259e+00   1.5339619326e+00
   1.5093785076e+00   1.5943708259e+00   1.5313514439e+00
   1.5093785076e+00   1.5943708259e+00   1.5313514439e+00
   1.5093785076e+00   1.5943708259e+00   1.5313514439e+00
   1.5093785076e+00   1.5943708259e+00   1.5313514439e+00
   1.5093785076e+00   1.5943708259e+00   1.5885012534e+00
   1.5093785076e+00   1.5943708259e+00   1.5885012534e+00
   1.5093785076e+00   1.5943708259e+00   1.5885012534e+00
   1.5093785076e+00   1.5943708259e+00   1.5885012534e+00
   1.5093785076e+00   1.5931639673e+00   1.5885012534e+00
   1.5093785076e+00   1.5931639673e+00   1.5885012534e+00
   1.5093785076e+00   1.5931639673e+00   1.5885012534e+00
   1.5093785076e+00   1.5931639673e+00   1.5885012534e+00
   1.5093785076e+00   1.5931639673e+00   1.6288067410e+00
   1.5093785076e+00   1.5931639673e+00   1.6288067410e+00
   1.5093785076e+00   1.5931639673e+00   1.6288067410e+00
   1.5093785076e+00   1.5931639673e+00   1.6288067410e+00
   1.5093785076e+00   1.5931639673e+00   1.5647193246e+00
   1.5093785076e+00   1.5931639673e+00   1.5647193246e+00
   1.5093785076e+00   1.5931639673e+00   1.5647193246e+00
   1.5093785076e+00   1.5931639673e+00   1.5647193246e+00
   1.5093785076e+00   1.5931639673e+00   1.5481957658e+00
   1.5093785076e+00   1.5931639673e+00   1.5481957658e+00
   1.5093785076e+00   1.5931639673e+00   1.5481957658e+00
   1.5093785076e+00   1.5931639673e+00   1.5481957658e+00
   1.5093785076e+00   1.5937673966e+00   1.6412964219e+00
   1.5093785076e+00   1.5937673966e+00   1.6412964219e+00
   1.5093785076e+00   1.5937673966e+00   1.6412964219e+00
   1.5093785076e+00   1.5937673966e+00   1.6412964219e+00
   1.5093785076e+00   1.5937673966e+00   1.6412964219e+00
   1.5093785076e+00   1.5937673966e+00   1.6412964219e+00
   1.5093785076e+00   1.5937673966e+00   1.6412964219e+00
   1.5093785076e+00   1.5937673966e+00   1.6412964219e+00
   1.5093785076e+00   1.5937673966e+00   1.6049514781e+00
   1.5093785076e+00   1.5937673966e+00   1.6049514781e+00
   1.5093785076e+00   1.5937673966e+00   1.6523197457e+00
   1.5093785076e+00   1.5937673966e+00   1.6523197457e+00
   1.5093785076e+00   1.5937673966e+00   1.6286356119e+00
   1.5093785076e+00   1.5937673966e+00   1.6286356119e+00
   1.5093785076e+00   1.5937673966e+00   1.6286356119e+00
   1.5093785076e+00   1.5937673966e+00   1.6286356119e+00
   1.5093785076e+00   1.5937673966e+00   1.6386400094e+00
   1.5093785076e+00   1.5937673966e+00   1.6386400094e+00
   1.5093785076e+00   1.5937673966e+00   1.6386400094e+00
   1.5093785076e+00   1.5937673966e+00   1.6386400094e+00
   1.5093785076e+00   1.5937673966e+00   1.6386400094e+00
   1.5093785076e+00   1.5937673966e+00   1.6386400094e+00
   1.5093785076e+00   1.5937673966e+00   1.6386400094e+00
   1.5093785076e+00   1.5937673966e+00   1.6386400094e+00
   1.5093785076e+00   1.5937673966e+00   1.6497565871e+00
   1.5093785076e+00   1.5937673966e+00   1.6497565871e+00
   1.5093785076e+00   1.5937673966e+00   1.6497565871e+00
   1.5093785076e+00   1.5937673966e+00   1.6497565871e+00
   1.5093785076e+00   1.5937673966e+00   1.6497565871e+00
   1.5093785076e+00   1.5937673966e+00   1.6497565871e+00
   1.5093785076e+00   1.5937673966e+00   1.6497565871e+00
   1.5093785076e+00   1.5937673966e+00   1.6497565871e+00
