# time = 120
# Grid Points = 1024
                 # mixf_00                 # mixf_01                 # mixf_02
   1.0000000000e+00   9.5970738132e-01   1.0366037656e+00
   1.0000000000e+00   9.5970738132e-01   1.0366037656e+00
   1.0000000000e+00   9.5970738132e-01   1.0366037656e+00
   1.0000000000e+00   9.5970738132e-01   1.0366037656e+00
   1.0000000000e+00   9.5970738132e-01   1.0598268653e+00
   1.0000000000e+00   9.5970738132e-01   1.0598268653e+00
   1.0000000000e+00   9.5970738132e-01   1.0609491574e+00
   1.0000000000e+00   9.5970738132e-01   1.0609491574e+00
   1.0000000000e+00   9.5970738132e-01   8.8280281919e-01
   1.0000000000e+00   9.5970738132e-01   8.8280281919e-01
   1.0000000000e+00   9.5970738132e-01   8.8280281919e-01
   1.0000000000e+00   9.5970738132e-01   8.8280281919e-01
   1.0000000000e+00   9.5970738132e-01   7.4854025827e-01
   1.0000000000e+00   9.5970738132e-01   7.4854025827e-01
   1.0000000000e+00   9.5970738132e-01   1.0037126852e+00
   1.0000000000e+00   9.5970738132e-01   1.0037126852e+00
   1.0000000000e+00   9.5970738132e-01   7.5299115658e-01
   1.0000000000e+00   9.5970738132e-01   7.5299115658e-01
   1.0000000000e+00   9.5970738132e-01   1.0577729579e+00
   1.0000000000e+00   9.5970738132e-01   1.0577729579e+00
   1.0000000000e+00   9.5970738132e-01   7.5299115658e-01
   1.0000000000e+00   9.5970738132e-01   7.5299115658e-01
   1.0000000000e+00   9.5970738132e-01   1.0577729579e+00
   1.0000000000e+00   9.5970738132e-01   1.0577729579e+00
   1.0000000000e+00   9.5970738132e-01   9.0315660810e-01
   1.0000000000e+00   9.5970738132e-01   9.0315660810e-01
   1.0000000000e+00   9.5970738132e-01   1.0776826864e+00
   1.0000000000e+00   9.5970738132e-01   1.0776826864e+00
   1.0000000000e+00   9.5970738132e-01   9.1644964605e-01
   1.0000000000e+00   9.5970738132e-01   9.1644964605e-01
   1.0000000000e+00   9.5970738132e-01   9.1644964605e-01
   1.0000000000e+00   9.5970738132e-01   9.1644964605e-01
   1.0000000000e+00   9.6498816293e-01   9.9563330404e-01
   1.0000000000e+00   9.6498816293e-01   9.9563330404e-01
   1.0000000000e+00   9.6498816293e-01   9.9563330404e-01
   1.0000000000e+00   9.6498816293e-01   9.9563330404e-01
   1.0000000000e+00   9.6498816293e-01   1.0724773859e+00
   1.0000000000e+00   9.6498816293e-01   1.0724773859e+00
   1.0000000000e+00   9.6498816293e-01   1.0724773859e+00
   1.0000000000e+00   9.6498816293e-01   1.0724773859e+00
   1.0000000000e+00   9.6498816293e-01   9.5931849949e-01
   1.0000000000e+00   9.6498816293e-01   9.5931849949e-01
   1.0000000000e+00   9.6498816293e-01   9.5931849949e-01
   1.0000000000e+00   9.6498816293e-01   9.5931849949e-01
   1.0000000000e+00   9.6498816293e-01   8.9906178317e-01
   1.0000000000e+00   9.6498816293e-01   8.9906178317e-01
   1.0000000000e+00   9.6498816293e-01   1.0195752158e+00
   1.0000000000e+00   9.6498816293e-01   1.0195752158e+00
   1.0000000000e+00   8.0340422925e-01   8.8635675141e-01
   1.0000000000e+00   8.0340422925e-01   8.8635675141e-01
   1.0000000000e+00   8.0340422925e-01   8.8635675141e-01
   1.0000000000e+00   8.0340422925e-01   8.8635675141e-01
   1.0000000000e+00   8.0340422925e-01   8.8635675141e-01
   1.0000000000e+00   8.0340422925e-01   8.8635675141e-01
   1.0000000000e+00   8.0340422925e-01   8.8635675141e-01
   1.0000000000e+00   8.0340422925e-01   8.8635675141e-01
   1.0000000000e+00   1.1265720966e+00   1.1194112705e+00
   1.0000000000e+00   1.1265720966e+00   1.1194112705e+00
   1.0000000000e+00   1.1265720966e+00   1.1103199628e+00
   1.0000000000e+00   1.1265720966e+00   1.1103199628e+00
   1.0000000000e+00   1.1265720966e+00   1.1094108320e+00
   1.0000000000e+00   1.1265720966e+00   1.1094108320e+00
   1.0000000000e+00   1.1265720966e+00   1.1094108320e+00
   1.0000000000e+00   1.1265720966e+00   1.1094108320e+00
   1.0000000000e+00   6.4460755402e-01   7.0587954423e-01
   1.0000000000e+00   6.4460755402e-01   7.0587954423e-01
   1.0000000000e+00   6.4460755402e-01   7.0587954423e-01
   1.0000000000e+00   6.4460755402e-01   7.0587954423e-01
   1.0000000000e+00   6.4460755402e-01   6.2862825508e-01
   1.0000000000e+00   6.4460755402e-01   6.2862825508e-01
   1.0000000000e+00   6.4460755402e-01   6.2862825508e-01
   1.0000000000e+00   6.4460755402e-01   6.2862825508e-01
   1.0000000000e+00   6.4460755402e-01   7.4966380386e-01
   1.0000000000e+00   6.4460755402e-01   7.4966380386e-01
   1.0000000000e+00   6.4460755402e-01   6.7324843614e-01
   1.0000000000e+00   6.4460755402e-01   6.7324843614e-01
   1.0000000000e+00   6.4460755402e-01   6.1477182851e-01
   1.0000000000e+00   6.4460755402e-01   6.1477182851e-01
   1.0000000000e+00   6.4460755402e-01   6.6091807234e-01
   1.0000000000e+00   6.4460755402e-01   6.6091807234e-01
   1.0000000000e+00   6.4460755402e-01   6.1477182851e-01
   1.0000000000e+00   6.4460755402e-01   6.1477182851e-01
   1.0000000000e+00   6.4460755402e-01   7.4966380386e-01
   1.0000000000e+00   6.4460755402e-01   7.4966380386e-01
   1.0000000000e+00   6.4460755402e-01   6.6091807234e-01
   1.0000000000e+00   6.4460755402e-01   6.6091807234e-01
   1.0000000000e+00   6.4460755402e-01   6.4858770853e-01
   1.0000000000e+00   6.4460755402e-01   6.4858770853e-01
   1.0000000000e+00   6.4460755402e-01   6.1820381224e-01
   1.0000000000e+00   6.4460755402e-01   6.1820381224e-01
   1.0000000000e+00   6.4460755402e-01   6.1820381224e-01
   1.0000000000e+00   6.4460755402e-01   6.1820381224e-01
   1.0000000000e+00   6.4460755402e-01   6.6527805566e-01
   1.0000000000e+00   6.4460755402e-01   6.6527805566e-01
   1.0000000000e+00   6.4460755402e-01   6.6527805566e-01
   1.0000000000e+00   6.4460755402e-01   6.6527805566e-01
   1.0000000000e+00   8.8789673500e-01   1.0404917592e+00
   1.0000000000e+00   8.8789673500e-01   1.0404917592e+00
   1.0000000000e+00   8.8789673500e-01   1.0516346225e+00
   1.0000000000e+00   8.8789673500e-01   1.0516346225e+00
   1.0000000000e+00   8.8789673500e-01   1.0404917592e+00
   1.0000000000e+00   8.8789673500e-01   1.0404917592e+00
   1.0000000000e+00   8.8789673500e-01   1.0516346225e+00
   1.0000000000e+00   8.8789673500e-01   1.0516346225e+00
   1.0000000000e+00   8.1396579247e-01   8.0604850232e-01
   1.0000000000e+00   8.1396579247e-01   8.0604850232e-01
   1.0000000000e+00   8.1396579247e-01   8.7370859569e-01
   1.0000000000e+00   8.1396579247e-01   8.7370859569e-01
   1.0000000000e+00   8.1396579247e-01   8.0604850232e-01
   1.0000000000e+00   8.1396579247e-01   8.0604850232e-01
   1.0000000000e+00   8.1396579247e-01   8.7370859569e-01
   1.0000000000e+00   8.1396579247e-01   8.7370859569e-01
   1.0000000000e+00   8.5093126373e-01   8.0604850232e-01
   1.0000000000e+00   8.5093126373e-01   8.0604850232e-01
   1.0000000000e+00   8.5093126373e-01   8.0604850232e-01
   1.0000000000e+00   8.5093126373e-01   8.0604850232e-01
   1.0000000000e+00   8.5093126373e-01   9.0753864237e-01
   1.0000000000e+00   8.5093126373e-01   9.0753864237e-01
   1.0000000000e+00   8.5093126373e-01   8.3987854900e-01
   1.0000000000e+00   8.5093126373e-01   8.3987854900e-01
   1.0000000000e+00   8.5093126373e-01   9.3336114800e-01
   1.0000000000e+00   8.5093126373e-01   9.3336114800e-01
   1.0000000000e+00   8.5093126373e-01   9.3336114800e-01
   1.0000000000e+00   8.5093126373e-01   9.3336114800e-01
   1.0000000000e+00   8.5093126373e-01   9.9528360112e-01
   1.0000000000e+00   8.5093126373e-01   9.9528360112e-01
   1.0000000000e+00   8.5093126373e-01   8.7143869489e-01
   1.0000000000e+00   8.5093126373e-01   8.7143869489e-01
  -1.0000000000e+00  -1.0563986400e+00  -1.0084272428e+00
  -1.0000000000e+00  -1.0563986400e+00  -1.0084272428e+00
  -1.0000000000e+00  -1.0563986400e+00  -9.2057014744e-01
  -1.0000000000e+00  -1.0563986400e+00  -9.2057014744e-01
  -1.0000000000e+00  -1.0563986400e+00  -8.4714427758e-01
  -1.0000000000e+00  -1.0563986400e+00  -8.4714427758e-01
  -1.0000000000e+00  -1.0563986400e+00  -9.2057014744e-01
  -1.0000000000e+00  -1.0563986400e+00  -9.2057014744e-01
  -1.0000000000e+00  -1.0563986400e+00  -1.2672491519e+00
  -1.0000000000e+00  -1.0563986400e+00  -1.2672491519e+00
  -1.0000000000e+00  -1.0563986400e+00  -1.2672491519e+00
  -1.0000000000e+00  -1.0563986400e+00  -1.2672491519e+00
  -1.0000000000e+00  -1.0563986400e+00  -1.0054250511e+00
  -1.0000000000e+00  -1.0563986400e+00  -1.0054250511e+00
  -1.0000000000e+00  -1.0563986400e+00  -1.0054250511e+00
  -1.0000000000e+00  -1.0563986400e+00  -1.0054250511e+00
  -1.0000000000e+00  -1.0563986400e+00  -9.2497427548e-01
  -1.0000000000e+00  -1.0563986400e+00  -9.2497427548e-01
  -1.0000000000e+00  -1.0563986400e+00  -9.2497427548e-01
  -1.0000000000e+00  -1.0563986400e+00  -9.2497427548e-01
  -1.0000000000e+00  -1.0563986400e+00  -8.4539709244e-01
  -1.0000000000e+00  -1.0563986400e+00  -8.4539709244e-01
  -1.0000000000e+00  -1.0563986400e+00  -1.1820128343e+00
  -1.0000000000e+00  -1.0563986400e+00  -1.1820128343e+00
  -1.0000000000e+00  -1.0563986400e+00  -1.2672491519e+00
  -1.0000000000e+00  -1.0563986400e+00  -1.2672491519e+00
  -1.0000000000e+00  -1.0563986400e+00  -9.2778576017e-01
  -1.0000000000e+00  -1.0563986400e+00  -9.2778576017e-01
  -1.0000000000e+00  -1.0563986400e+00  -1.2672491519e+00
  -1.0000000000e+00  -1.0563986400e+00  -1.2672491519e+00
  -1.0000000000e+00  -1.0563986400e+00  -9.2778576017e-01
  -1.0000000000e+00  -1.0563986400e+00  -9.2778576017e-01
  -1.0000000000e+00  -9.2663156225e-01  -9.3437311849e-01
  -1.0000000000e+00  -9.2663156225e-01  -9.3437311849e-01
  -1.0000000000e+00  -9.2663156225e-01  -9.3437311849e-01
  -1.0000000000e+00  -9.2663156225e-01  -9.3437311849e-01
  -1.0000000000e+00  -9.2663156225e-01  -1.1341505589e+00
  -1.0000000000e+00  -9.2663156225e-01  -1.1341505589e+00
  -1.0000000000e+00  -9.2663156225e-01  -1.1341505589e+00
  -1.0000000000e+00  -9.2663156225e-01  -1.1341505589e+00
  -1.0000000000e+00  -9.2663156225e-01  -9.4479559681e-01
  -1.0000000000e+00  -9.2663156225e-01  -9.4479559681e-01
  -1.0000000000e+00  -9.2663156225e-01  -9.2395064017e-01
  -1.0000000000e+00  -9.2663156225e-01  -9.2395064017e-01
  -1.0000000000e+00  -9.2663156225e-01  -1.0871923871e+00
  -1.0000000000e+00  -9.2663156225e-01  -1.0871923871e+00
  -1.0000000000e+00  -9.2663156225e-01  -1.0368167031e+00
  -1.0000000000e+00  -9.2663156225e-01  -1.0368167031e+00
  -1.0000000000e+00  -9.2663156225e-01  -9.9141538160e-01
  -1.0000000000e+00  -9.2663156225e-01  -9.9141538160e-01
  -1.0000000000e+00  -9.2663156225e-01  -1.0545368923e+00
  -1.0000000000e+00  -9.2663156225e-01  -1.0545368923e+00
  -1.0000000000e+00  -9.2663156225e-01  -9.9141538160e-01
  -1.0000000000e+00  -9.2663156225e-01  -9.9141538160e-01
  -1.0000000000e+00  -9.2663156225e-01  -1.0545368923e+00
  -1.0000000000e+00  -9.2663156225e-01  -1.0545368923e+00
  -1.0000000000e+00  -9.2663156225e-01  -9.3504142983e-01
  -1.0000000000e+00  -9.2663156225e-01  -9.3504142983e-01
  -1.0000000000e+00  -9.2663156225e-01  -9.3504142983e-01
  -1.0000000000e+00  -9.2663156225e-01  -9.3504142983e-01
  -1.0000000000e+00  -9.2663156225e-01  -9.3504142983e-01
  -1.0000000000e+00  -9.2663156225e-01  -9.3504142983e-01
  -1.0000000000e+00  -9.2663156225e-01  -9.3504142983e-01
  -1.0000000000e+00  -9.2663156225e-01  -9.3504142983e-01
  -1.0000000000e+00  -9.3602068137e-01  -9.1155877264e-01
  -1.0000000000e+00  -9.3602068137e-01  -9.1155877264e-01
  -1.0000000000e+00  -9.3602068137e-01  -1.0192837737e+00
  -1.0000000000e+00  -9.3602068137e-01  -1.0192837737e+00
  -1.0000000000e+00  -9.3602068137e-01  -1.1051769233e+00
  -1.0000000000e+00  -9.3602068137e-01  -1.1051769233e+00
  -1.0000000000e+00  -9.3602068137e-01  -9.1155877264e-01
  -1.0000000000e+00  -9.3602068137e-01  -9.1155877264e-01
  -1.0000000000e+00  -9.3602068137e-01  -9.6403836288e-01
  -1.0000000000e+00  -9.3602068137e-01  -9.6403836288e-01
  -1.0000000000e+00  -9.3602068137e-01  -6.5914250867e-01
  -1.0000000000e+00  -9.3602068137e-01  -6.5914250867e-01
  -1.0000000000e+00  -9.3602068137e-01  -9.0929698362e-01
  -1.0000000000e+00  -9.3602068137e-01  -9.0929698362e-01
  -1.0000000000e+00  -9.3602068137e-01  -9.6403836288e-01
  -1.0000000000e+00  -9.3602068137e-01  -9.6403836288e-01
  -1.0000000000e+00  -9.1811778573e-01  -1.0063582012e+00
  -1.0000000000e+00  -9.1811778573e-01  -1.0063582012e+00
  -1.0000000000e+00  -9.1811778573e-01  -1.0042067093e+00
  -1.0000000000e+00  -9.1811778573e-01  -1.0042067093e+00
  -1.0000000000e+00  -9.1811778573e-01  -1.0063582012e+00
  -1.0000000000e+00  -9.1811778573e-01  -1.0063582012e+00
  -1.0000000000e+00  -9.1811778573e-01  -1.0063582012e+00
  -1.0000000000e+00  -9.1811778573e-01  -1.0063582012e+00
  -1.0000000000e+00  -9.1811778573e-01  -1.0052824552e+00
  -1.0000000000e+00  -9.1811778573e-01  -1.0052824552e+00
  -1.0000000000e+00  -9.1811778573e-01  -1.0085096931e+00
  -1.0000000000e+00  -9.1811778573e-01  -1.0085096931e+00
  -1.0000000000e+00  -9.1811778573e-01  -1.0052824552e+00
  -1.0000000000e+00  -9.1811778573e-01  -1.0052824552e+00
  -1.0000000000e+00  -9.1811778573e-01  -1.0085096931e+00
  -1.0000000000e+00  -9.1811778573e-01  -1.0085096931e+00
  -1.0000000000e+00  -9.8972936828e-01  -8.7449425729e-01
  -1.0000000000e+00  -9.8972936828e-01  -8.7449425729e-01
  -1.0000000000e+00  -9.8972936828e-01  -8.7449425729e-01
  -1.0000000000e+00  -9.8972936828e-01  -8.7449425729e-01
  -1.0000000000e+00  -9.8972936828e-01  -8.7449425729e-01
  -1.0000000000e+00  -9.8972936828e-01  -8.7449425729e-01
  -1.0000000000e+00  -9.8972936828e-01  -8.7449425729e-01
  -1.0000000000e+00  -9.8972936828e-01  -8.7449425729e-01
  -1.0000000000e+00  -9.8972936828e-01  -8.7449425729e-01
  -1.0000000000e+00  -9.8972936828e-01  -8.7449425729e-01
  -1.0000000000e+00  -9.8972936828e-01  -8.7449425729e-01
  -1.0000000000e+00  -9.8972936828e-01  -8.7449425729e-01
  -1.0000000000e+00  -9.8972936828e-01  -8.7449425729e-01
  -1.0000000000e+00  -9.8972936828e-01  -8.7449425729e-01
  -1.0000000000e+00  -9.8972936828e-01  -8.7449425729e-01
  -1.0000000000e+00  -9.8972936828e-01  -8.7449425729e-01
  -1.0000000000e+00  -9.7182647264e-01  -9.1683839805e-01
  -1.0000000000e+00  -9.7182647264e-01  -9.1683839805e-01
  -1.0000000000e+00  -9.7182647264e-01  -7.4173156101e-01
  -1.0000000000e+00  -9.7182647264e-01  -7.4173156101e-01
  -1.0000000000e+00  -9.7182647264e-01  -9.3240569545e-01
  -1.0000000000e+00  -9.7182647264e-01  -9.3240569545e-01
  -1.0000000000e+00  -9.7182647264e-01  -9.3240569545e-01
  -1.0000000000e+00  -9.7182647264e-01  -9.3240569545e-01
  -1.0000000000e+00  -9.7182647264e-01  -9.1683839805e-01
  -1.0000000000e+00  -9.7182647264e-01  -9.1683839805e-01
  -1.0000000000e+00  -9.7182647264e-01  -7.4173156101e-01
  -1.0000000000e+00  -9.7182647264e-01  -7.4173156101e-01
  -1.0000000000e+00  -9.7182647264e-01  -9.3240569545e-01
  -1.0000000000e+00  -9.7182647264e-01  -9.3240569545e-01
  -1.0000000000e+00  -9.7182647264e-01  -9.3240569545e-01
  -1.0000000000e+00  -9.7182647264e-01  -9.3240569545e-01
  -1.0000000000e+00  -1.0350927940e+00  -9.7392735710e-01
  -1.0000000000e+00  -1.0350927940e+00  -9.7392735710e-01
  -1.0000000000e+00  -1.0350927940e+00  -9.9347458101e-01
  -1.0000000000e+00  -1.0350927940e+00  -9.9347458101e-01
  -1.0000000000e+00  -1.0350927940e+00  -9.7392735710e-01
  -1.0000000000e+00  -1.0350927940e+00  -9.7392735710e-01
  -1.0000000000e+00  -1.0350927940e+00  -9.6231141614e-01
  -1.0000000000e+00  -1.0350927940e+00  -9.6231141614e-01
  -1.0000000000e+00  -1.1273254187e+00  -1.1016508455e+00
  -1.0000000000e+00  -1.1273254187e+00  -1.1016508455e+00
  -1.0000000000e+00  -1.1273254187e+00  -1.2155174030e+00
  -1.0000000000e+00  -1.1273254187e+00  -1.2155174030e+00
  -1.0000000000e+00  -1.1273254187e+00  -1.1585841242e+00
  -1.0000000000e+00  -1.1273254187e+00  -1.1585841242e+00
  -1.0000000000e+00  -1.1273254187e+00  -1.1585841242e+00
  -1.0000000000e+00  -1.1273254187e+00  -1.1585841242e+00
  -1.0000000000e+00  -1.0350927940e+00  -9.9098902080e-01
  -1.0000000000e+00  -1.0350927940e+00  -9.9098902080e-01
  -1.0000000000e+00  -1.0350927940e+00  -9.9098902080e-01
  -1.0000000000e+00  -1.0350927940e+00  -9.9098902080e-01
  -1.0000000000e+00  -1.0350927940e+00  -9.6231141614e-01
  -1.0000000000e+00  -1.0350927940e+00  -9.6231141614e-01
  -1.0000000000e+00  -1.0350927940e+00  -9.9347458101e-01
  -1.0000000000e+00  -1.0350927940e+00  -9.9347458101e-01
  -1.0000000000e+00  -1.1273254187e+00  -1.1932046820e+00
  -1.0000000000e+00  -1.1273254187e+00  -1.1932046820e+00
  -1.0000000000e+00  -1.1273254187e+00  -1.1932046820e+00
  -1.0000000000e+00  -1.1273254187e+00  -1.1932046820e+00
  -1.0000000000e+00  -1.1273254187e+00  -1.1932046820e+00
  -1.0000000000e+00  -1.1273254187e+00  -1.1932046820e+00
  -1.0000000000e+00  -1.1273254187e+00  -1.1932046820e+00
  -1.0000000000e+00  -1.1273254187e+00  -1.1932046820e+00
  -1.0000000000e+00  -1.0008552500e+00  -1.0742063575e+00
  -1.0000000000e+00  -1.0008552500e+00  -1.0742063575e+00
  -1.0000000000e+00  -1.0008552500e+00  -1.0742683124e+00
  -1.0000000000e+00  -1.0008552500e+00  -1.0742683124e+00
  -1.0000000000e+00  -1.0008552500e+00  -1.0742683124e+00
  -1.0000000000e+00  -1.0008552500e+00  -1.0742683124e+00
  -1.0000000000e+00  -1.0008552500e+00  -1.0742063575e+00
  -1.0000000000e+00  -1.0008552500e+00  -1.0742063575e+00
  -1.0000000000e+00  -1.0008552500e+00  -9.4953989001e-01
  -1.0000000000e+00  -1.0008552500e+00  -9.4953989001e-01
  -1.0000000000e+00  -1.0008552500e+00  -1.0162143140e+00
  -1.0000000000e+00  -1.0008552500e+00  -1.0162143140e+00
  -1.0000000000e+00  -1.0008552500e+00  -1.0162143140e+00
  -1.0000000000e+00  -1.0008552500e+00  -1.0162143140e+00
  -1.0000000000e+00  -1.0008552500e+00  -1.1989967347e+00
  -1.0000000000e+00  -1.0008552500e+00  -1.1989967347e+00
  -1.0000000000e+00  -1.0008552500e+00  -9.9125623856e-01
  -1.0000000000e+00  -1.0008552500e+00  -9.9125623856e-01
  -1.0000000000e+00  -1.0008552500e+00  -9.9125623856e-01
  -1.0000000000e+00  -1.0008552500e+00  -9.9125623856e-01
  -1.0000000000e+00  -1.0008552500e+00  -9.7200893783e-01
  -1.0000000000e+00  -1.0008552500e+00  -9.7200893783e-01
  -1.0000000000e+00  -1.0008552500e+00  -9.7200893783e-01
  -1.0000000000e+00  -1.0008552500e+00  -9.7200893783e-01
  -1.0000000000e+00  -1.0008552500e+00  -1.0492482821e+00
  -1.0000000000e+00  -1.0008552500e+00  -1.0492482821e+00
  -1.0000000000e+00  -1.0008552500e+00  -1.0492482821e+00
  -1.0000000000e+00  -1.0008552500e+00  -1.0492482821e+00
  -1.0000000000e+00  -1.0008552500e+00  -9.7200893783e-01
  -1.0000000000e+00  -1.0008552500e+00  -9.7200893783e-01
  -1.0000000000e+00  -1.0008552500e+00  -9.7200893783e-01
  -1.0000000000e+00  -1.0008552500e+00  -9.7200893783e-01
  -1.0000000000e+00  -1.0149718569e+00  -1.0150756706e+00
  -1.0000000000e+00  -1.0149718569e+00  -1.0150756706e+00
  -1.0000000000e+00  -1.0149718569e+00  -1.0150756706e+00
  -1.0000000000e+00  -1.0149718569e+00  -1.0150756706e+00
  -1.0000000000e+00  -1.0149718569e+00  -9.9582663527e-01
  -1.0000000000e+00  -1.0149718569e+00  -9.9582663527e-01
  -1.0000000000e+00  -1.0149718569e+00  -1.0148992569e+00
  -1.0000000000e+00  -1.0149718569e+00  -1.0148992569e+00
  -1.0000000000e+00  -1.0149718569e+00  -1.0235900947e+00
  -1.0000000000e+00  -1.0149718569e+00  -1.0235900947e+00
  -1.0000000000e+00  -1.0149718569e+00  -1.0148992569e+00
  -1.0000000000e+00  -1.0149718569e+00  -1.0148992569e+00
  -1.0000000000e+00  -1.0149718569e+00  -9.9582663527e-01
  -1.0000000000e+00  -1.0149718569e+00  -9.9582663527e-01
  -1.0000000000e+00  -1.0149718569e+00  -1.0235900947e+00
  -1.0000000000e+00  -1.0149718569e+00  -1.0235900947e+00
  -1.0000000000e+00  -1.0282261235e+00  -9.8089767953e-01
  -1.0000000000e+00  -1.0282261235e+00  -9.8089767953e-01
  -1.0000000000e+00  -1.0282261235e+00  -9.8089767953e-01
  -1.0000000000e+00  -1.0282261235e+00  -9.8089767953e-01
  -1.0000000000e+00  -1.0282261235e+00  -1.0965298323e+00
  -1.0000000000e+00  -1.0282261235e+00  -1.0965298323e+00
  -1.0000000000e+00  -1.0282261235e+00  -1.0965298323e+00
  -1.0000000000e+00  -1.0282261235e+00  -1.0965298323e+00
  -1.0000000000e+00  -1.0282261235e+00  -1.0965298323e+00
  -1.0000000000e+00  -1.0282261235e+00  -1.0965298323e+00
  -1.0000000000e+00  -1.0282261235e+00  -9.6170330787e-01
  -1.0000000000e+00  -1.0282261235e+00  -9.6170330787e-01
  -1.0000000000e+00  -1.0282261235e+00  -1.0965298323e+00
  -1.0000000000e+00  -1.0282261235e+00  -1.0965298323e+00
  -1.0000000000e+00  -1.0282261235e+00  -9.9156121935e-01
  -1.0000000000e+00  -1.0282261235e+00  -9.9156121935e-01
  -1.0000000000e+00  -1.0144973362e+00  -1.0110003650e+00
  -1.0000000000e+00  -1.0144973362e+00  -1.0110003650e+00
  -1.0000000000e+00  -1.0144973362e+00  -1.0426251596e+00
  -1.0000000000e+00  -1.0144973362e+00  -1.0426251596e+00
  -1.0000000000e+00  -1.0144973362e+00  -9.9193283035e-01
  -1.0000000000e+00  -1.0144973362e+00  -9.9193283035e-01
  -1.0000000000e+00  -1.0144973362e+00  -9.9193283035e-01
  -1.0000000000e+00  -1.0144973362e+00  -9.9193283035e-01
  -1.0000000000e+00  -1.0144973362e+00  -9.7921303113e-01
  -1.0000000000e+00  -1.0144973362e+00  -9.7921303113e-01
  -1.0000000000e+00  -1.0144973362e+00  -9.9024451712e-01
  -1.0000000000e+00  -1.0144973362e+00  -9.9024451712e-01
  -1.0000000000e+00  -1.0144973362e+00  -9.9024451712e-01
  -1.0000000000e+00  -1.0144973362e+00  -9.9024451712e-01
  -1.0000000000e+00  -1.0144973362e+00  -9.7921303113e-01
  -1.0000000000e+00  -1.0144973362e+00  -9.7921303113e-01
  -1.0000000000e+00  -1.0144973362e+00  -9.7921303113e-01
  -1.0000000000e+00  -1.0144973362e+00  -9.7921303113e-01
  -1.0000000000e+00  -1.0144973362e+00  -9.6375170502e-01
  -1.0000000000e+00  -1.0144973362e+00  -9.6375170502e-01
  -1.0000000000e+00  -1.0144973362e+00  -9.6375170502e-01
  -1.0000000000e+00  -1.0144973362e+00  -9.6375170502e-01
  -1.0000000000e+00  -1.0144973362e+00  -1.0321986553e+00
  -1.0000000000e+00  -1.0144973362e+00  -1.0321986553e+00
  -1.0000000000e+00  -1.0144973362e+00  -1.0426251596e+00
  -1.0000000000e+00  -1.0144973362e+00  -1.0426251596e+00
  -1.0000000000e+00  -1.0144973362e+00  -1.0187767137e+00
  -1.0000000000e+00  -1.0144973362e+00  -1.0187767137e+00
  -1.0000000000e+00  -1.0144973362e+00  -1.0110003650e+00
  -1.0000000000e+00  -1.0144973362e+00  -1.0110003650e+00
  -1.0000000000e+00  -1.0144973362e+00  -1.0187767137e+00
  -1.0000000000e+00  -1.0144973362e+00  -1.0187767137e+00
   1.0000000000e+00   1.0188392734e+00   9.6104325240e-01
   1.0000000000e+00   1.0188392734e+00   9.6104325240e-01
   1.0000000000e+00   1.0188392734e+00   9.6104325240e-01
   1.0000000000e+00   1.0188392734e+00   9.6104325240e-01
   1.0000000000e+00   1.0188392734e+00   1.0001961113e+00
   1.0000000000e+00   1.0188392734e+00   1.0001961113e+00
   1.0000000000e+00   1.0188392734e+00   1.0001961113e+00
   1.0000000000e+00   1.0188392734e+00   1.0001961113e+00
   1.0000000000e+00   1.0188392734e+00   9.9204268404e-01
   1.0000000000e+00   1.0188392734e+00   9.9204268404e-01
   1.0000000000e+00   1.0188392734e+00   9.9204268404e-01
   1.0000000000e+00   1.0188392734e+00   9.9204268404e-01
   1.0000000000e+00   1.0188392734e+00   9.7245898235e-01
   1.0000000000e+00   1.0188392734e+00   9.7245898235e-01
   1.0000000000e+00   1.0188392734e+00   9.7245898235e-01
   1.0000000000e+00   1.0188392734e+00   9.7245898235e-01
   1.0000000000e+00   1.0188392734e+00   1.0476307289e+00
   1.0000000000e+00   1.0188392734e+00   1.0476307289e+00
   1.0000000000e+00   1.0188392734e+00   1.0476307289e+00
   1.0000000000e+00   1.0188392734e+00   1.0476307289e+00
   1.0000000000e+00   1.0188392734e+00   1.0203044415e+00
   1.0000000000e+00   1.0188392734e+00   1.0203044415e+00
   1.0000000000e+00   1.0188392734e+00   1.0203044415e+00
   1.0000000000e+00   1.0188392734e+00   1.0203044415e+00
   1.0000000000e+00   1.0188392734e+00   1.0001961113e+00
   1.0000000000e+00   1.0188392734e+00   1.0001961113e+00
   1.0000000000e+00   1.0188392734e+00   1.0548486859e+00
   1.0000000000e+00   1.0188392734e+00   1.0548486859e+00
   1.0000000000e+00   1.0188392734e+00   1.0650054343e+00
   1.0000000000e+00   1.0188392734e+00   1.0650054343e+00
   1.0000000000e+00   1.0188392734e+00   1.0158201094e+00
   1.0000000000e+00   1.0188392734e+00   1.0158201094e+00
   1.0000000000e+00   1.2613303510e+00   1.2448791676e+00
   1.0000000000e+00   1.2613303510e+00   1.2448791676e+00
   1.0000000000e+00   1.2613303510e+00   1.2348694738e+00
   1.0000000000e+00   1.2613303510e+00   1.2348694738e+00
   1.0000000000e+00   1.2613303510e+00   1.1972578377e+00
   1.0000000000e+00   1.2613303510e+00   1.1972578377e+00
   1.0000000000e+00   1.2613303510e+00   1.1972578377e+00
   1.0000000000e+00   1.2613303510e+00   1.1972578377e+00
   1.0000000000e+00   1.2613303510e+00   1.2348694738e+00
   1.0000000000e+00   1.2613303510e+00   1.2348694738e+00
   1.0000000000e+00   1.2613303510e+00   1.1972578377e+00
   1.0000000000e+00   1.2613303510e+00   1.1972578377e+00
   1.0000000000e+00   1.2613303510e+00   1.2448791676e+00
   1.0000000000e+00   1.2613303510e+00   1.2448791676e+00
   1.0000000000e+00   1.2613303510e+00   1.1972578377e+00
   1.0000000000e+00   1.2613303510e+00   1.1972578377e+00
   1.0000000000e+00   1.2613303510e+00   1.1323518117e+00
   1.0000000000e+00   1.2613303510e+00   1.1323518117e+00
   1.0000000000e+00   1.2613303510e+00   1.1323518117e+00
   1.0000000000e+00   1.2613303510e+00   1.1323518117e+00
   1.0000000000e+00   1.2613303510e+00   1.2031315739e+00
   1.0000000000e+00   1.2613303510e+00   1.2031315739e+00
   1.0000000000e+00   1.2613303510e+00   1.0615720494e+00
   1.0000000000e+00   1.2613303510e+00   1.0615720494e+00
   1.0000000000e+00   1.2613303510e+00   1.0615720494e+00
   1.0000000000e+00   1.2613303510e+00   1.0615720494e+00
   1.0000000000e+00   1.2613303510e+00   1.0615720494e+00
   1.0000000000e+00   1.2613303510e+00   1.0615720494e+00
   1.0000000000e+00   1.2613303510e+00   1.1925102823e+00
   1.0000000000e+00   1.2613303510e+00   1.1925102823e+00
   1.0000000000e+00   1.2613303510e+00   1.2137528655e+00
   1.0000000000e+00   1.2613303510e+00   1.2137528655e+00
   1.0000000000e+00   1.2644408081e+00   1.2092692181e+00
   1.0000000000e+00   1.2644408081e+00   1.2092692181e+00
   1.0000000000e+00   1.2644408081e+00   1.2092692181e+00
   1.0000000000e+00   1.2644408081e+00   1.2092692181e+00
   1.0000000000e+00   1.2644408081e+00   1.2092692181e+00
   1.0000000000e+00   1.2644408081e+00   1.2092692181e+00
   1.0000000000e+00   1.2644408081e+00   1.2092692181e+00
   1.0000000000e+00   1.2644408081e+00   1.2092692181e+00
   1.0000000000e+00   1.2504437512e+00   1.2232960848e+00
   1.0000000000e+00   1.2504437512e+00   1.2232960848e+00
   1.0000000000e+00   1.2504437512e+00   1.1944904869e+00
   1.0000000000e+00   1.2504437512e+00   1.1944904869e+00
   1.0000000000e+00   1.2504437512e+00   1.2134328601e+00
   1.0000000000e+00   1.2504437512e+00   1.2134328601e+00
   1.0000000000e+00   1.2504437512e+00   1.2134328601e+00
   1.0000000000e+00   1.2504437512e+00   1.2134328601e+00
   1.0000000000e+00   1.2714393366e+00   1.2167202774e+00
   1.0000000000e+00   1.2714393366e+00   1.2167202774e+00
   1.0000000000e+00   1.2714393366e+00   1.2020383399e+00
   1.0000000000e+00   1.2714393366e+00   1.2020383399e+00
   1.0000000000e+00   1.2714393366e+00   1.2020383399e+00
   1.0000000000e+00   1.2714393366e+00   1.2020383399e+00
   1.0000000000e+00   1.2714393366e+00   1.2167202774e+00
   1.0000000000e+00   1.2714393366e+00   1.2167202774e+00
   1.0000000000e+00   1.2714393366e+00   1.2167202774e+00
   1.0000000000e+00   1.2714393366e+00   1.2167202774e+00
   1.0000000000e+00   1.2714393366e+00   1.2167202774e+00
   1.0000000000e+00   1.2714393366e+00   1.2167202774e+00
   1.0000000000e+00   1.2714393366e+00   1.2169404587e+00
   1.0000000000e+00   1.2714393366e+00   1.2169404587e+00
   1.0000000000e+00   1.2714393366e+00   1.2169404587e+00
   1.0000000000e+00   1.2714393366e+00   1.2169404587e+00
   1.0000000000e+00   1.0425591925e+00   1.0930938662e+00
   1.0000000000e+00   1.0425591925e+00   1.0930938662e+00
   1.0000000000e+00   1.0425591925e+00   1.0998609594e+00
   1.0000000000e+00   1.0425591925e+00   1.0998609594e+00
   1.0000000000e+00   1.0425591925e+00   1.0964774128e+00
   1.0000000000e+00   1.0425591925e+00   1.0964774128e+00
   1.0000000000e+00   1.0425591925e+00   1.0964774128e+00
   1.0000000000e+00   1.0425591925e+00   1.0964774128e+00
   1.0000000000e+00   1.0425591925e+00   1.0998609594e+00
   1.0000000000e+00   1.0425591925e+00   1.0998609594e+00
   1.0000000000e+00   1.0425591925e+00   1.1065632858e+00
   1.0000000000e+00   1.0425591925e+00   1.1065632858e+00
   1.0000000000e+00   1.0425591925e+00   1.0998609594e+00
   1.0000000000e+00   1.0425591925e+00   1.0998609594e+00
   1.0000000000e+00   1.0425591925e+00   1.0998609594e+00
   1.0000000000e+00   1.0425591925e+00   1.0998609594e+00
   1.0000000000e+00   1.0425591925e+00   1.0673291432e+00
   1.0000000000e+00   1.0425591925e+00   1.0673291432e+00
   1.0000000000e+00   1.0425591925e+00   1.0673291432e+00
   1.0000000000e+00   1.0425591925e+00   1.0673291432e+00
   1.0000000000e+00   1.0425591925e+00   1.0673291432e+00
   1.0000000000e+00   1.0425591925e+00   1.0673291432e+00
   1.0000000000e+00   1.0425591925e+00   1.0673291432e+00
   1.0000000000e+00   1.0425591925e+00   1.0673291432e+00
   1.0000000000e+00   1.0425591925e+00   1.0981529944e+00
   1.0000000000e+00   1.0425591925e+00   1.0981529944e+00
   1.0000000000e+00   1.0425591925e+00   1.0981529944e+00
   1.0000000000e+00   1.0425591925e+00   1.0981529944e+00
   1.0000000000e+00   1.0425591925e+00   1.0964450295e+00
   1.0000000000e+00   1.0425591925e+00   1.0964450295e+00
   1.0000000000e+00   1.0425591925e+00   1.0998609594e+00
   1.0000000000e+00   1.0425591925e+00   1.0998609594e+00
   1.0000000000e+00   9.4221628678e-01   9.1483897872e-01
   1.0000000000e+00   9.4221628678e-01   9.1483897872e-01
   1.0000000000e+00   9.4221628678e-01   9.1483897872e-01
   1.0000000000e+00   9.4221628678e-01   9.1483897872e-01
   1.0000000000e+00   9.4221628678e-01   1.0077975852e+00
   1.0000000000e+00   9.4221628678e-01   1.0077975852e+00
   1.0000000000e+00   9.4221628678e-01   1.0077975852e+00
   1.0000000000e+00   9.4221628678e-01   1.0077975852e+00
   1.0000000000e+00   9.8239288234e-01   1.1136809904e+00
   1.0000000000e+00   9.8239288234e-01   1.1136809904e+00
   1.0000000000e+00   9.8239288234e-01   1.1136809904e+00
   1.0000000000e+00   9.8239288234e-01   1.1136809904e+00
   1.0000000000e+00   9.8239288234e-01   1.1136809904e+00
   1.0000000000e+00   9.8239288234e-01   1.1136809904e+00
   1.0000000000e+00   9.8239288234e-01   1.1136809904e+00
   1.0000000000e+00   9.8239288234e-01   1.1136809904e+00
   1.0000000000e+00   9.6230458456e-01   9.4103163360e-01
   1.0000000000e+00   9.6230458456e-01   9.4103163360e-01
   1.0000000000e+00   9.6230458456e-01   9.4103163360e-01
   1.0000000000e+00   9.6230458456e-01   9.4103163360e-01
   1.0000000000e+00   9.6230458456e-01   1.1385478666e+00
   1.0000000000e+00   9.6230458456e-01   1.1385478666e+00
   1.0000000000e+00   9.6230458456e-01   1.1385478666e+00
   1.0000000000e+00   9.6230458456e-01   1.1385478666e+00
   1.0000000000e+00   9.6230458456e-01   1.0888141142e+00
   1.0000000000e+00   9.6230458456e-01   1.0888141142e+00
   1.0000000000e+00   9.6230458456e-01   1.0888141142e+00
   1.0000000000e+00   9.6230458456e-01   1.0888141142e+00
   1.0000000000e+00   9.6230458456e-01   9.4103163360e-01
   1.0000000000e+00   9.6230458456e-01   9.4103163360e-01
   1.0000000000e+00   9.6230458456e-01   9.4103163360e-01
   1.0000000000e+00   9.6230458456e-01   9.4103163360e-01
   1.0000000000e+00   8.9122571212e-01   9.3110356601e-01
   1.0000000000e+00   8.9122571212e-01   9.3110356601e-01
   1.0000000000e+00   8.9122571212e-01   8.3201780027e-01
   1.0000000000e+00   8.9122571212e-01   8.3201780027e-01
   1.0000000000e+00   8.9122571212e-01   8.9105806517e-01
   1.0000000000e+00   8.9122571212e-01   8.9105806517e-01
   1.0000000000e+00   8.9122571212e-01   8.9105806517e-01
   1.0000000000e+00   8.9122571212e-01   8.9105806517e-01
   1.0000000000e+00   8.9122571212e-01   9.1744227673e-01
   1.0000000000e+00   8.9122571212e-01   9.1744227673e-01
   1.0000000000e+00   8.9122571212e-01   9.3326921041e-01
   1.0000000000e+00   8.9122571212e-01   9.3326921041e-01
   1.0000000000e+00   8.9122571212e-01   9.2535574357e-01
   1.0000000000e+00   8.9122571212e-01   9.2535574357e-01
   1.0000000000e+00   8.9122571212e-01   9.2535574357e-01
   1.0000000000e+00   8.9122571212e-01   9.2535574357e-01
   1.0000000000e+00   8.9122571212e-01   1.0545108656e+00
   1.0000000000e+00   8.9122571212e-01   1.0545108656e+00
   1.0000000000e+00   8.9122571212e-01   1.0545108656e+00
   1.0000000000e+00   8.9122571212e-01   1.0545108656e+00
   1.0000000000e+00   8.9122571212e-01   1.0856696081e+00
   1.0000000000e+00   8.9122571212e-01   1.0856696081e+00
   1.0000000000e+00   8.9122571212e-01   8.9871715324e-01
   1.0000000000e+00   8.9122571212e-01   8.9871715324e-01
   1.0000000000e+00   8.9122571212e-01   8.8156068314e-01
   1.0000000000e+00   8.9122571212e-01   8.8156068314e-01
   1.0000000000e+00   8.9122571212e-01   8.8156068314e-01
   1.0000000000e+00   8.9122571212e-01   8.8156068314e-01
   1.0000000000e+00   8.9122571212e-01   9.3110356601e-01
   1.0000000000e+00   8.9122571212e-01   9.3110356601e-01
   1.0000000000e+00   8.9122571212e-01   9.3110356601e-01
   1.0000000000e+00   8.9122571212e-01   9.3110356601e-01
   1.0000000000e+00   8.9122571212e-01   1.0233521231e+00
   1.0000000000e+00   8.9122571212e-01   1.0233521231e+00
   1.0000000000e+00   8.9122571212e-01   1.0233521231e+00
   1.0000000000e+00   8.9122571212e-01   1.0233521231e+00
   1.0000000000e+00   8.9122571212e-01   9.0239951137e-01
   1.0000000000e+00   8.9122571212e-01   9.0239951137e-01
   1.0000000000e+00   8.9122571212e-01   9.0239951137e-01
   1.0000000000e+00   8.9122571212e-01   9.0239951137e-01
   1.0000000000e+00   8.9122571212e-01   1.0233521231e+00
   1.0000000000e+00   8.9122571212e-01   1.0233521231e+00
   1.0000000000e+00   8.9122571212e-01   1.0233521231e+00
   1.0000000000e+00   8.9122571212e-01   1.0233521231e+00
   1.0000000000e+00   8.9122571212e-01   9.1665810840e-01
   1.0000000000e+00   8.9122571212e-01   9.1665810840e-01
   1.0000000000e+00   8.9122571212e-01   9.1665810840e-01
   1.0000000000e+00   8.9122571212e-01   9.1665810840e-01
   1.0000000000e+00   8.9122571212e-01   8.6543805918e-01
   1.0000000000e+00   8.9122571212e-01   8.6543805918e-01
   1.0000000000e+00   8.9122571212e-01   9.0620144483e-01
   1.0000000000e+00   8.9122571212e-01   9.0620144483e-01
   1.0000000000e+00   8.9122571212e-01   8.4456704465e-01
   1.0000000000e+00   8.9122571212e-01   8.4456704465e-01
   1.0000000000e+00   8.9122571212e-01   8.5945488202e-01
   1.0000000000e+00   8.9122571212e-01   8.5945488202e-01
   1.0000000000e+00   8.9122571212e-01   9.0620144483e-01
   1.0000000000e+00   8.9122571212e-01   9.0620144483e-01
   1.0000000000e+00   8.9122571212e-01   8.5945488202e-01
   1.0000000000e+00   8.9122571212e-01   8.5945488202e-01
   1.0000000000e+00   8.9122571212e-01   8.6543805918e-01
   1.0000000000e+00   8.9122571212e-01   8.6543805918e-01
   1.0000000000e+00   8.9122571212e-01   8.4456704465e-01
   1.0000000000e+00   8.9122571212e-01   8.4456704465e-01
   1.0000000000e+00   9.2212798900e-01   1.0256762050e+00
   1.0000000000e+00   9.2212798900e-01   1.0256762050e+00
   1.0000000000e+00   9.2212798900e-01   9.6907504100e-01
   1.0000000000e+00   9.2212798900e-01   9.6907504100e-01
   1.0000000000e+00   9.2212798900e-01   1.0539767869e+00
   1.0000000000e+00   9.2212798900e-01   1.0539767869e+00
   1.0000000000e+00   9.2212798900e-01   1.0539767869e+00
   1.0000000000e+00   9.2212798900e-01   1.0539767869e+00
   1.0000000000e+00   8.6186309566e-01   9.7493231534e-01
   1.0000000000e+00   8.6186309566e-01   9.7493231534e-01
   1.0000000000e+00   8.6186309566e-01   9.7303751477e-01
   1.0000000000e+00   8.6186309566e-01   9.7303751477e-01
   1.0000000000e+00   8.6186309566e-01   9.7366911496e-01
   1.0000000000e+00   8.6186309566e-01   9.7366911496e-01
   1.0000000000e+00   8.6186309566e-01   9.7303751477e-01
   1.0000000000e+00   8.6186309566e-01   9.7303751477e-01
   1.0000000000e+00   9.2212798900e-01   9.7826318892e-01
   1.0000000000e+00   9.2212798900e-01   9.7826318892e-01
   1.0000000000e+00   9.2212798900e-01   1.0745716664e+00
   1.0000000000e+00   9.2212798900e-01   1.0745716664e+00
   1.0000000000e+00   9.2212798900e-01   1.0341231302e+00
   1.0000000000e+00   9.2212798900e-01   1.0341231302e+00
   1.0000000000e+00   9.2212798900e-01   1.0341231302e+00
   1.0000000000e+00   9.2212798900e-01   1.0341231302e+00
   1.0000000000e+00   9.8239288234e-01   1.0591602615e+00
   1.0000000000e+00   9.8239288234e-01   1.0591602615e+00
   1.0000000000e+00   9.8239288234e-01   1.0745716664e+00
   1.0000000000e+00   9.8239288234e-01   1.0745716664e+00
   1.0000000000e+00   9.8239288234e-01   1.0591602615e+00
   1.0000000000e+00   9.8239288234e-01   1.0591602615e+00
   1.0000000000e+00   9.8239288234e-01   1.0745716664e+00
   1.0000000000e+00   9.8239288234e-01   1.0745716664e+00
   1.0000000000e+00   1.0256714302e+00   9.7519463427e-01
   1.0000000000e+00   1.0256714302e+00   9.7519463427e-01
   1.0000000000e+00   1.0256714302e+00   9.7519463427e-01
   1.0000000000e+00   1.0256714302e+00   9.7519463427e-01
   1.0000000000e+00   1.0256714302e+00   9.7519463427e-01
   1.0000000000e+00   1.0256714302e+00   9.7519463427e-01
   1.0000000000e+00   1.0256714302e+00   9.7519463427e-01
   1.0000000000e+00   1.0256714302e+00   9.7519463427e-01
   1.0000000000e+00   1.0256714302e+00   9.9393573469e-01
   1.0000000000e+00   1.0256714302e+00   9.9393573469e-01
   1.0000000000e+00   1.0256714302e+00   9.9393573469e-01
   1.0000000000e+00   1.0256714302e+00   9.9393573469e-01
   1.0000000000e+00   1.0256714302e+00   9.9393573469e-01
   1.0000000000e+00   1.0256714302e+00   9.9393573469e-01
   1.0000000000e+00   1.0256714302e+00   9.9393573469e-01
   1.0000000000e+00   1.0256714302e+00   9.9393573469e-01
   1.0000000000e+00   1.1222138047e+00   1.0053832620e+00
   1.0000000000e+00   1.1222138047e+00   1.0053832620e+00
   1.0000000000e+00   1.1222138047e+00   1.0598626173e+00
   1.0000000000e+00   1.1222138047e+00   1.0598626173e+00
   1.0000000000e+00   1.1222138047e+00   1.0393472283e+00
   1.0000000000e+00   1.1222138047e+00   1.0393472283e+00
   1.0000000000e+00   1.1222138047e+00   1.0393472283e+00
   1.0000000000e+00   1.1222138047e+00   1.0393472283e+00
   1.0000000000e+00   1.1222138047e+00   1.1540515953e+00
   1.0000000000e+00   1.1222138047e+00   1.1540515953e+00
   1.0000000000e+00   1.1222138047e+00   1.1540515953e+00
   1.0000000000e+00   1.1222138047e+00   1.1540515953e+00
   1.0000000000e+00   1.1222138047e+00   1.0188318394e+00
   1.0000000000e+00   1.1222138047e+00   1.0188318394e+00
   1.0000000000e+00   1.1222138047e+00   1.0188318394e+00
   1.0000000000e+00   1.1222138047e+00   1.0188318394e+00
   1.0000000000e+00   1.0739426175e+00   1.0109553695e+00
   1.0000000000e+00   1.0739426175e+00   1.0109553695e+00
   1.0000000000e+00   1.0739426175e+00   1.0109553695e+00
   1.0000000000e+00   1.0739426175e+00   1.0109553695e+00
   1.0000000000e+00   1.0739426175e+00   9.6399370780e-01
   1.0000000000e+00   1.0739426175e+00   9.6399370780e-01
   1.0000000000e+00   1.0739426175e+00   9.6399370780e-01
   1.0000000000e+00   1.0739426175e+00   9.6399370780e-01
   1.0000000000e+00   1.0739426175e+00   1.0446539222e+00
   1.0000000000e+00   1.0739426175e+00   1.0446539222e+00
   1.0000000000e+00   1.0739426175e+00   9.6841630004e-01
   1.0000000000e+00   1.0739426175e+00   9.6841630004e-01
   1.0000000000e+00   1.0739426175e+00   1.0547685672e+00
   1.0000000000e+00   1.0739426175e+00   1.0547685672e+00
   1.0000000000e+00   1.0739426175e+00   1.0547685672e+00
   1.0000000000e+00   1.0739426175e+00   1.0547685672e+00
   1.0000000000e+00   1.0739426175e+00   9.8226886204e-01
   1.0000000000e+00   1.0739426175e+00   9.8226886204e-01
   1.0000000000e+00   1.0739426175e+00   9.8048492749e-01
   1.0000000000e+00   1.0739426175e+00   9.8048492749e-01
   1.0000000000e+00   1.0739426175e+00   1.0836102786e+00
   1.0000000000e+00   1.0739426175e+00   1.0836102786e+00
   1.0000000000e+00   1.0739426175e+00   1.0836102786e+00
   1.0000000000e+00   1.0739426175e+00   1.0836102786e+00
   1.0000000000e+00   1.0739426175e+00   9.8137689477e-01
   1.0000000000e+00   1.0739426175e+00   9.8137689477e-01
   1.0000000000e+00   1.0739426175e+00   9.8137689477e-01
   1.0000000000e+00   1.0739426175e+00   9.8137689477e-01
   1.0000000000e+00   1.0739426175e+00   1.0093952530e+00
   1.0000000000e+00   1.0739426175e+00   1.0093952530e+00
   1.0000000000e+00   1.0739426175e+00   1.0093952530e+00
   1.0000000000e+00   1.0739426175e+00   1.0093952530e+00
   1.0000000000e+00   1.0863127237e+00   1.0264450939e+00
   1.0000000000e+00   1.0863127237e+00   1.0264450939e+00
   1.0000000000e+00   1.0863127237e+00   1.0457848694e+00
   1.0000000000e+00   1.0863127237e+00   1.0457848694e+00
   1.0000000000e+00   1.0863127237e+00   1.0053286623e+00
   1.0000000000e+00   1.0863127237e+00   1.0053286623e+00
   1.0000000000e+00   1.0863127237e+00   1.0053286623e+00
   1.0000000000e+00   1.0863127237e+00   1.0053286623e+00
   1.0000000000e+00   1.0863127237e+00   1.0264450939e+00
   1.0000000000e+00   1.0863127237e+00   1.0264450939e+00
   1.0000000000e+00   1.0863127237e+00   9.9565877458e-01
   1.0000000000e+00   1.0863127237e+00   9.9565877458e-01
   1.0000000000e+00   1.0863127237e+00   1.0110519342e+00
   1.0000000000e+00   1.0863127237e+00   1.0110519342e+00
   1.0000000000e+00   1.0863127237e+00   1.0110519342e+00
   1.0000000000e+00   1.0863127237e+00   1.0110519342e+00
   1.0000000000e+00   1.0863127237e+00   9.9210599217e-01
   1.0000000000e+00   1.0863127237e+00   9.9210599217e-01
   1.0000000000e+00   1.0863127237e+00   9.8186797292e-01
   1.0000000000e+00   1.0863127237e+00   9.8186797292e-01
   1.0000000000e+00   1.0863127237e+00   1.1514266017e+00
   1.0000000000e+00   1.0863127237e+00   1.1514266017e+00
   1.0000000000e+00   1.0863127237e+00   1.1514266017e+00
   1.0000000000e+00   1.0863127237e+00   1.1514266017e+00
   1.0000000000e+00   1.0863127237e+00   9.9210599217e-01
   1.0000000000e+00   1.0863127237e+00   9.9210599217e-01
   1.0000000000e+00   1.0863127237e+00   1.0023440114e+00
   1.0000000000e+00   1.0863127237e+00   1.0023440114e+00
   1.0000000000e+00   1.0863127237e+00   1.0018359842e+00
   1.0000000000e+00   1.0863127237e+00   1.0018359842e+00
   1.0000000000e+00   1.0863127237e+00   1.0018359842e+00
   1.0000000000e+00   1.0863127237e+00   1.0018359842e+00
   1.0000000000e+00   1.1311890749e+00   1.1070073065e+00
   1.0000000000e+00   1.1311890749e+00   1.1070073065e+00
   1.0000000000e+00   1.1311890749e+00   1.1070073065e+00
   1.0000000000e+00   1.1311890749e+00   1.1070073065e+00
   1.0000000000e+00   1.1311890749e+00   1.0476240240e+00
   1.0000000000e+00   1.1311890749e+00   1.0476240240e+00
   1.0000000000e+00   1.1311890749e+00   1.0476240240e+00
   1.0000000000e+00   1.1311890749e+00   1.0476240240e+00
   1.0000000000e+00   1.0728110054e+00   9.8804034243e-01
   1.0000000000e+00   1.0728110054e+00   9.8804034243e-01
   1.0000000000e+00   1.0728110054e+00   9.8804034243e-01
   1.0000000000e+00   1.0728110054e+00   9.8804034243e-01
   1.0000000000e+00   1.0728110054e+00   9.9712588135e-01
   1.0000000000e+00   1.0728110054e+00   9.9712588135e-01
   1.0000000000e+00   1.0728110054e+00   9.9712588135e-01
   1.0000000000e+00   1.0728110054e+00   9.9712588135e-01
   1.0000000000e+00   1.0728110054e+00   1.0107541897e+00
   1.0000000000e+00   1.0728110054e+00   1.0107541897e+00
   1.0000000000e+00   1.0728110054e+00   1.0107541897e+00
   1.0000000000e+00   1.0728110054e+00   1.0107541897e+00
   1.0000000000e+00   1.0728110054e+00   9.3581721757e-01
   1.0000000000e+00   1.0728110054e+00   9.3581721757e-01
   1.0000000000e+00   1.0728110054e+00   9.3581721757e-01
   1.0000000000e+00   1.0728110054e+00   9.3581721757e-01
   1.0000000000e+00   1.1311890749e+00   1.0849297560e+00
   1.0000000000e+00   1.1311890749e+00   1.0849297560e+00
   1.0000000000e+00   1.1311890749e+00   1.0756225700e+00
   1.0000000000e+00   1.1311890749e+00   1.0756225700e+00
   1.0000000000e+00   1.1311890749e+00   1.0849297560e+00
   1.0000000000e+00   1.1311890749e+00   1.0849297560e+00
   1.0000000000e+00   1.1311890749e+00   1.1197776709e+00
   1.0000000000e+00   1.1311890749e+00   1.1197776709e+00
   1.0000000000e+00   9.9232298113e-01   1.0084556113e+00
   1.0000000000e+00   9.9232298113e-01   1.0084556113e+00
   1.0000000000e+00   9.9232298113e-01   1.0084556113e+00
   1.0000000000e+00   9.9232298113e-01   1.0084556113e+00
   1.0000000000e+00   9.9232298113e-01   9.9190841580e-01
   1.0000000000e+00   9.9232298113e-01   9.9190841580e-01
   1.0000000000e+00   9.9232298113e-01   9.8891999793e-01
   1.0000000000e+00   9.9232298113e-01   9.8891999793e-01
   1.0000000000e+00   9.9232298113e-01   9.9190841580e-01
   1.0000000000e+00   9.9232298113e-01   9.9190841580e-01
   1.0000000000e+00   9.9232298113e-01   9.9280367141e-01
   1.0000000000e+00   9.9232298113e-01   9.9280367141e-01
   1.0000000000e+00   9.9232298113e-01   1.0056185189e+00
   1.0000000000e+00   9.9232298113e-01   1.0056185189e+00
   1.0000000000e+00   9.9232298113e-01   1.0056185189e+00
   1.0000000000e+00   9.9232298113e-01   1.0056185189e+00
   1.0000000000e+00   1.0069065197e+00   1.0260533610e+00
   1.0000000000e+00   1.0069065197e+00   1.0260533610e+00
   1.0000000000e+00   1.0069065197e+00   1.0260533610e+00
   1.0000000000e+00   1.0069065197e+00   1.0260533610e+00
   1.0000000000e+00   1.0069065197e+00   1.0119238157e+00
   1.0000000000e+00   1.0069065197e+00   1.0119238157e+00
   1.0000000000e+00   1.0069065197e+00   1.0119238157e+00
   1.0000000000e+00   1.0069065197e+00   1.0119238157e+00
   1.0000000000e+00   1.0069065197e+00   1.0183335871e+00
   1.0000000000e+00   1.0069065197e+00   1.0183335871e+00
   1.0000000000e+00   1.0069065197e+00   1.0312123414e+00
   1.0000000000e+00   1.0069065197e+00   1.0312123414e+00
   1.0000000000e+00   1.0069065197e+00   1.0183335871e+00
   1.0000000000e+00   1.0069065197e+00   1.0183335871e+00
   1.0000000000e+00   1.0069065197e+00   1.0054548329e+00
   1.0000000000e+00   1.0069065197e+00   1.0054548329e+00
   1.0000000000e+00   9.9232298113e-01   1.0089183942e+00
   1.0000000000e+00   9.9232298113e-01   1.0089183942e+00
   1.0000000000e+00   9.9232298113e-01   1.0089183942e+00
   1.0000000000e+00   9.9232298113e-01   1.0089183942e+00
   1.0000000000e+00   9.9232298113e-01   9.9694050649e-01
   1.0000000000e+00   9.9232298113e-01   9.9694050649e-01
   1.0000000000e+00   9.9232298113e-01   9.9694050649e-01
   1.0000000000e+00   9.9232298113e-01   9.9694050649e-01
   1.0000000000e+00   9.9232298113e-01   1.0208962820e+00
   1.0000000000e+00   9.9232298113e-01   1.0208962820e+00
   1.0000000000e+00   9.9232298113e-01   9.9694050649e-01
   1.0000000000e+00   9.9232298113e-01   9.9694050649e-01
   1.0000000000e+00   9.9232298113e-01   9.7298473101e-01
   1.0000000000e+00   9.9232298113e-01   9.7298473101e-01
   1.0000000000e+00   9.9232298113e-01   9.7298473101e-01
   1.0000000000e+00   9.9232298113e-01   9.7298473101e-01
   1.0000000000e+00   1.0069065197e+00   1.0186308341e+00
   1.0000000000e+00   1.0069065197e+00   1.0186308341e+00
   1.0000000000e+00   1.0069065197e+00   1.0186308341e+00
   1.0000000000e+00   1.0069065197e+00   1.0186308341e+00
   1.0000000000e+00   1.0069065197e+00   9.8166747081e-01
   1.0000000000e+00   1.0069065197e+00   9.8166747081e-01
   1.0000000000e+00   1.0069065197e+00   1.0100273290e+00
   1.0000000000e+00   1.0069065197e+00   1.0100273290e+00
   1.0000000000e+00   1.0069065197e+00   9.8462160550e-01
   1.0000000000e+00   1.0069065197e+00   9.8462160550e-01
   1.0000000000e+00   1.0069065197e+00   9.8462160550e-01
   1.0000000000e+00   1.0069065197e+00   9.8462160550e-01
   1.0000000000e+00   1.0069065197e+00   1.0186308341e+00
   1.0000000000e+00   1.0069065197e+00   1.0186308341e+00
   1.0000000000e+00   1.0069065197e+00   1.0186308341e+00
   1.0000000000e+00   1.0069065197e+00   1.0186308341e+00
   1.0000000000e+00   9.9232298113e-01   9.4195849331e-01
   1.0000000000e+00   9.9232298113e-01   9.4195849331e-01
   1.0000000000e+00   9.9232298113e-01   9.4248426054e-01
   1.0000000000e+00   9.9232298113e-01   9.4248426054e-01
   1.0000000000e+00   9.9232298113e-01   1.0255730840e+00
   1.0000000000e+00   9.9232298113e-01   1.0255730840e+00
   1.0000000000e+00   9.9232298113e-01   1.0255730840e+00
   1.0000000000e+00   9.9232298113e-01   1.0255730840e+00
   1.0000000000e+00   9.9232298113e-01   1.0269964341e+00
   1.0000000000e+00   9.9232298113e-01   1.0269964341e+00
   1.0000000000e+00   9.9232298113e-01   1.0269964341e+00
   1.0000000000e+00   9.9232298113e-01   1.0269964341e+00
   1.0000000000e+00   9.9232298113e-01   9.4143272608e-01
   1.0000000000e+00   9.9232298113e-01   9.4143272608e-01
   1.0000000000e+00   9.9232298113e-01   9.4195849331e-01
   1.0000000000e+00   9.9232298113e-01   9.4195849331e-01
   1.0000000000e+00   1.0069065197e+00   9.7191895013e-01
   1.0000000000e+00   1.0069065197e+00   9.7191895013e-01
   1.0000000000e+00   1.0069065197e+00   1.0295777374e+00
   1.0000000000e+00   1.0069065197e+00   1.0295777374e+00
   1.0000000000e+00   1.0069065197e+00   1.0007483438e+00
   1.0000000000e+00   1.0069065197e+00   1.0007483438e+00
   1.0000000000e+00   1.0069065197e+00   1.0007483438e+00
   1.0000000000e+00   1.0069065197e+00   1.0007483438e+00
   1.0000000000e+00   1.0069065197e+00   9.9448216420e-01
   1.0000000000e+00   1.0069065197e+00   9.9448216420e-01
   1.0000000000e+00   1.0069065197e+00   9.9448216420e-01
   1.0000000000e+00   1.0069065197e+00   9.9448216420e-01
   1.0000000000e+00   1.0069065197e+00   9.9448216420e-01
   1.0000000000e+00   1.0069065197e+00   9.9448216420e-01
   1.0000000000e+00   1.0069065197e+00   9.9448216420e-01
   1.0000000000e+00   1.0069065197e+00   9.9448216420e-01
   1.0000000000e+00   9.9232298113e-01   9.5736860651e-01
   1.0000000000e+00   9.9232298113e-01   9.5736860651e-01
   1.0000000000e+00   9.9232298113e-01   9.4248426054e-01
   1.0000000000e+00   9.9232298113e-01   9.4248426054e-01
   1.0000000000e+00   9.9232298113e-01   9.4248426054e-01
   1.0000000000e+00   9.9232298113e-01   9.4248426054e-01
   1.0000000000e+00   9.9232298113e-01   9.5736860651e-01
   1.0000000000e+00   9.9232298113e-01   9.5736860651e-01
   1.0000000000e+00   9.9232298113e-01   1.0262367290e+00
   1.0000000000e+00   9.9232298113e-01   1.0262367290e+00
   1.0000000000e+00   9.9232298113e-01   1.0250964332e+00
   1.0000000000e+00   9.9232298113e-01   1.0250964332e+00
   1.0000000000e+00   9.9232298113e-01   1.0250964332e+00
   1.0000000000e+00   9.9232298113e-01   1.0250964332e+00
   1.0000000000e+00   9.9232298113e-01   1.0262367290e+00
   1.0000000000e+00   9.9232298113e-01   1.0262367290e+00
   1.0000000000e+00   1.0069065197e+00   1.0187678548e+00
   1.0000000000e+00   1.0069065197e+00   1.0187678548e+00
   1.0000000000e+00   1.0069065197e+00   1.0187678548e+00
   1.0000000000e+00   1.0069065197e+00   1.0187678548e+00
   1.0000000000e+00   1.0069065197e+00   9.9251686720e-01
   1.0000000000e+00   1.0069065197e+00   9.9251686720e-01
   1.0000000000e+00   1.0069065197e+00   9.9251686720e-01
   1.0000000000e+00   1.0069065197e+00   9.9251686720e-01
   1.0000000000e+00   1.0069065197e+00   9.9673613066e-01
   1.0000000000e+00   1.0069065197e+00   9.9673613066e-01
   1.0000000000e+00   1.0069065197e+00   9.9673613066e-01
   1.0000000000e+00   1.0069065197e+00   9.9673613066e-01
   1.0000000000e+00   1.0069065197e+00   9.9673613066e-01
   1.0000000000e+00   1.0069065197e+00   9.9673613066e-01
   1.0000000000e+00   1.0069065197e+00   9.9673613066e-01
   1.0000000000e+00   1.0069065197e+00   9.9673613066e-01
   1.0000000000e+00   9.8160258679e-01   9.8346291381e-01
   1.0000000000e+00   9.8160258679e-01   9.8346291381e-01
   1.0000000000e+00   9.8160258679e-01   9.8346291381e-01
   1.0000000000e+00   9.8160258679e-01   9.8346291381e-01
   1.0000000000e+00   9.8160258679e-01   9.8407710084e-01
   1.0000000000e+00   9.8160258679e-01   9.8407710084e-01
   1.0000000000e+00   9.8160258679e-01   9.8407710084e-01
   1.0000000000e+00   9.8160258679e-01   9.8407710084e-01
   1.0000000000e+00   1.0111025698e+00   9.6275848715e-01
   1.0000000000e+00   1.0111025698e+00   9.6275848715e-01
   1.0000000000e+00   1.0111025698e+00   9.6275848715e-01
   1.0000000000e+00   1.0111025698e+00   9.6275848715e-01
   1.0000000000e+00   1.0111025698e+00   1.0309751871e+00
   1.0000000000e+00   1.0111025698e+00   1.0309751871e+00
   1.0000000000e+00   1.0111025698e+00   1.0309751871e+00
   1.0000000000e+00   1.0111025698e+00   1.0309751871e+00
   1.0000000000e+00   9.8160258679e-01   9.4721406359e-01
   1.0000000000e+00   9.8160258679e-01   9.4721406359e-01
   1.0000000000e+00   9.8160258679e-01   9.4721406359e-01
   1.0000000000e+00   9.8160258679e-01   9.4721406359e-01
   1.0000000000e+00   9.8160258679e-01   9.4524495803e-01
   1.0000000000e+00   9.8160258679e-01   9.4524495803e-01
   1.0000000000e+00   9.8160258679e-01   9.4918316916e-01
   1.0000000000e+00   9.8160258679e-01   9.4918316916e-01
   1.0000000000e+00   1.0111025698e+00   9.6275848715e-01
   1.0000000000e+00   1.0111025698e+00   9.6275848715e-01
   1.0000000000e+00   1.0111025698e+00   1.0425147196e+00
   1.0000000000e+00   1.0111025698e+00   1.0425147196e+00
   1.0000000000e+00   1.0111025698e+00   1.0425147196e+00
   1.0000000000e+00   1.0111025698e+00   1.0425147196e+00
   1.0000000000e+00   1.0111025698e+00   9.6275848715e-01
   1.0000000000e+00   1.0111025698e+00   9.6275848715e-01
   1.0000000000e+00   1.0127401785e+00   1.0309751871e+00
   1.0000000000e+00   1.0127401785e+00   1.0309751871e+00
   1.0000000000e+00   1.0127401785e+00   1.0425147196e+00
   1.0000000000e+00   1.0127401785e+00   1.0425147196e+00
   1.0000000000e+00   1.0127401785e+00   1.0367449533e+00
   1.0000000000e+00   1.0127401785e+00   1.0367449533e+00
   1.0000000000e+00   1.0127401785e+00   1.0367449533e+00
   1.0000000000e+00   1.0127401785e+00   1.0367449533e+00
   1.0000000000e+00   1.0094649611e+00   1.0315859586e+00
   1.0000000000e+00   1.0094649611e+00   1.0315859586e+00
   1.0000000000e+00   1.0094649611e+00   1.0315859586e+00
   1.0000000000e+00   1.0094649611e+00   1.0315859586e+00
   1.0000000000e+00   1.0094649611e+00   1.0315859586e+00
   1.0000000000e+00   1.0094649611e+00   1.0315859586e+00
   1.0000000000e+00   1.0094649611e+00   1.0315859586e+00
   1.0000000000e+00   1.0094649611e+00   1.0315859586e+00
   1.0000000000e+00   1.0021942037e+00   1.0217085992e+00
   1.0000000000e+00   1.0021942037e+00   1.0217085992e+00
   1.0000000000e+00   1.0021942037e+00   1.0217085992e+00
   1.0000000000e+00   1.0021942037e+00   1.0217085992e+00
   1.0000000000e+00   1.0021942037e+00   1.0220183760e+00
   1.0000000000e+00   1.0021942037e+00   1.0220183760e+00
   1.0000000000e+00   1.0021942037e+00   1.0213988224e+00
   1.0000000000e+00   1.0021942037e+00   1.0213988224e+00
   1.0000000000e+00   1.0021942037e+00   1.0229038770e+00
   1.0000000000e+00   1.0021942037e+00   1.0229038770e+00
   1.0000000000e+00   1.0021942037e+00   1.0229038770e+00
   1.0000000000e+00   1.0021942037e+00   1.0229038770e+00
   1.0000000000e+00   1.0021942037e+00   9.4918316916e-01
   1.0000000000e+00   1.0021942037e+00   9.4918316916e-01
   1.0000000000e+00   1.0021942037e+00   9.4918316916e-01
   1.0000000000e+00   1.0021942037e+00   9.4918316916e-01
   1.0000000000e+00   9.7671281557e-01   9.6761395149e-01
   1.0000000000e+00   9.7671281557e-01   9.6761395149e-01
   1.0000000000e+00   9.7671281557e-01   9.6761395149e-01
   1.0000000000e+00   9.7671281557e-01   9.6761395149e-01
   1.0000000000e+00   9.7671281557e-01   9.4719683936e-01
   1.0000000000e+00   9.7671281557e-01   9.4719683936e-01
   1.0000000000e+00   9.7671281557e-01   9.4719683936e-01
   1.0000000000e+00   9.7671281557e-01   9.4719683936e-01
   1.0000000000e+00   9.7671281557e-01   9.4873207048e-01
   1.0000000000e+00   9.7671281557e-01   9.4873207048e-01
   1.0000000000e+00   9.7671281557e-01   9.6487045190e-01
   1.0000000000e+00   9.7671281557e-01   9.6487045190e-01
   1.0000000000e+00   9.7671281557e-01   9.7293964261e-01
   1.0000000000e+00   9.7671281557e-01   9.7293964261e-01
   1.0000000000e+00   9.7671281557e-01   9.7293964261e-01
   1.0000000000e+00   9.7671281557e-01   9.7293964261e-01
   1.0000000000e+00   9.9293092719e-01   1.0072581186e+00
   1.0000000000e+00   9.9293092719e-01   1.0072581186e+00
   1.0000000000e+00   9.9293092719e-01   1.0072581186e+00
   1.0000000000e+00   9.9293092719e-01   1.0072581186e+00
   1.0000000000e+00   9.9293092719e-01   1.0072581186e+00
   1.0000000000e+00   9.9293092719e-01   1.0072581186e+00
   1.0000000000e+00   9.9293092719e-01   1.0072581186e+00
   1.0000000000e+00   9.9293092719e-01   1.0072581186e+00
   1.0000000000e+00   9.8211885277e-01   9.8567175080e-01
   1.0000000000e+00   9.8211885277e-01   9.8567175080e-01
   1.0000000000e+00   9.8211885277e-01   9.8567175080e-01
   1.0000000000e+00   9.8211885277e-01   9.8567175080e-01
   1.0000000000e+00   9.8211885277e-01   9.8567175080e-01
   1.0000000000e+00   9.8211885277e-01   9.8567175080e-01
   1.0000000000e+00   9.8211885277e-01   9.8567175080e-01
   1.0000000000e+00   9.8211885277e-01   9.8567175080e-01
   1.0000000000e+00   1.0133391839e+00   1.0220339566e+00
   1.0000000000e+00   1.0133391839e+00   1.0220339566e+00
   1.0000000000e+00   1.0133391839e+00   1.0220339566e+00
   1.0000000000e+00   1.0133391839e+00   1.0220339566e+00
   1.0000000000e+00   1.0133391839e+00   1.0230348027e+00
   1.0000000000e+00   1.0133391839e+00   1.0230348027e+00
   1.0000000000e+00   1.0133391839e+00   1.0230348027e+00
   1.0000000000e+00   1.0133391839e+00   1.0230348027e+00
   1.0000000000e+00   1.0133391839e+00   1.0207222328e+00
   1.0000000000e+00   1.0133391839e+00   1.0207222328e+00
   1.0000000000e+00   1.0133391839e+00   1.0220339566e+00
   1.0000000000e+00   1.0133391839e+00   1.0220339566e+00
   1.0000000000e+00   1.0133391839e+00   1.0223789408e+00
   1.0000000000e+00   1.0133391839e+00   1.0223789408e+00
   1.0000000000e+00   1.0133391839e+00   1.0223789408e+00
   1.0000000000e+00   1.0133391839e+00   1.0223789408e+00
   1.0000000000e+00   1.0133391839e+00   1.0203503865e+00
   1.0000000000e+00   1.0133391839e+00   1.0203503865e+00
   1.0000000000e+00   1.0133391839e+00   1.0203503865e+00
   1.0000000000e+00   1.0133391839e+00   1.0203503865e+00
   1.0000000000e+00   1.0133391839e+00   1.0219489841e+00
   1.0000000000e+00   1.0133391839e+00   1.0219489841e+00
   1.0000000000e+00   1.0133391839e+00   1.0219489841e+00
   1.0000000000e+00   1.0133391839e+00   1.0219489841e+00
   1.0000000000e+00   1.0133391839e+00   1.0210354997e+00
   1.0000000000e+00   1.0133391839e+00   1.0210354997e+00
   1.0000000000e+00   1.0133391839e+00   1.0210354997e+00
   1.0000000000e+00   1.0133391839e+00   1.0210354997e+00
   1.0000000000e+00   1.0133391839e+00   1.0227585620e+00
   1.0000000000e+00   1.0133391839e+00   1.0227585620e+00
   1.0000000000e+00   1.0133391839e+00   1.0227585620e+00
   1.0000000000e+00   1.0133391839e+00   1.0227585620e+00
