# time = 60
# Grid Points = 1024
                 # mixf_00                 # mixf_01                 # mixf_02
   2.5000000000e-01   3.8005474917e-01   4.1577001230e-01
   2.5000000000e-01   3.8005474917e-01   4.1577001230e-01
   2.5000000000e-01   3.8005474917e-01   4.1577001230e-01
   2.5000000000e-01   3.8005474917e-01   4.1577001230e-01
   2.5000000000e-01   3.8005474917e-01   2.5402579750e-01
   2.5000000000e-01   3.8005474917e-01   2.5402579750e-01
   2.5000000000e-01   3.8005474917e-01   4.4768342447e-01
   2.5000000000e-01   3.8005474917e-01   4.4768342447e-01
   2.5000000000e-01   2.8382566324e-01   2.8137843358e-01
   2.5000000000e-01   2.8382566324e-01   2.8137843358e-01
   2.5000000000e-01   2.8382566324e-01   2.8137843358e-01
   2.5000000000e-01   2.8382566324e-01   2.8137843358e-01
   2.5000000000e-01   2.8382566324e-01   2.8137843358e-01
   2.5000000000e-01   2.8382566324e-01   2.8137843358e-01
   2.5000000000e-01   2.8382566324e-01   2.8137843358e-01
   2.5000000000e-01   2.8382566324e-01   2.8137843358e-01
   2.5000000000e-01   3.3194020621e-01   4.0885763123e-01
   2.5000000000e-01   3.3194020621e-01   4.0885763123e-01
   2.5000000000e-01   3.3194020621e-01   4.0885763123e-01
   2.5000000000e-01   3.3194020621e-01   4.0885763123e-01
   2.5000000000e-01   3.3194020621e-01   2.5880856732e-01
   2.5000000000e-01   3.3194020621e-01   2.5880856732e-01
   2.5000000000e-01   3.3194020621e-01   2.5880856732e-01
   2.5000000000e-01   3.3194020621e-01   2.5880856732e-01
   2.5000000000e-01   3.3194020621e-01   2.9203715776e-01
   2.5000000000e-01   3.3194020621e-01   2.9203715776e-01
   2.5000000000e-01   3.3194020621e-01   3.1351812681e-01
   2.5000000000e-01   3.3194020621e-01   3.1351812681e-01
   2.5000000000e-01   3.3194020621e-01   3.3499909585e-01
   2.5000000000e-01   3.3194020621e-01   3.3499909585e-01
   2.5000000000e-01   3.3194020621e-01   3.1351812681e-01
   2.5000000000e-01   3.3194020621e-01   3.1351812681e-01
   2.5000000000e-01   4.7320587152e-01   4.8919049115e-01
   2.5000000000e-01   4.7320587152e-01   4.8919049115e-01
   2.5000000000e-01   4.7320587152e-01   4.7273282697e-01
   2.5000000000e-01   4.7320587152e-01   4.7273282697e-01
   2.5000000000e-01   4.7320587152e-01   4.9611808076e-01
   2.5000000000e-01   4.7320587152e-01   4.9611808076e-01
   2.5000000000e-01   4.7320587152e-01   4.9611808076e-01
   2.5000000000e-01   4.7320587152e-01   4.9611808076e-01
   2.5000000000e-01   4.7320587152e-01   4.9453320145e-01
   2.5000000000e-01   4.7320587152e-01   4.9453320145e-01
   2.5000000000e-01   4.7320587152e-01   4.9453320145e-01
   2.5000000000e-01   4.7320587152e-01   4.9453320145e-01
   2.5000000000e-01   4.7320587152e-01   4.9611311971e-01
   2.5000000000e-01   4.7320587152e-01   4.9611311971e-01
   2.5000000000e-01   4.7320587152e-01   4.9612304181e-01
   2.5000000000e-01   4.7320587152e-01   4.9612304181e-01
   2.5000000000e-01   4.7217988365e-01   4.9436651505e-01
   2.5000000000e-01   4.7217988365e-01   4.9436651505e-01
   2.5000000000e-01   4.7217988365e-01   4.9436651505e-01
   2.5000000000e-01   4.7217988365e-01   4.9436651505e-01
   2.5000000000e-01   4.7217988365e-01   4.9611311971e-01
   2.5000000000e-01   4.7217988365e-01   4.9611311971e-01
   2.5000000000e-01   4.7217988365e-01   4.9611311971e-01
   2.5000000000e-01   4.7217988365e-01   4.9611311971e-01
   2.5000000000e-01   4.7286387556e-01   4.9882251967e-01
   2.5000000000e-01   4.7286387556e-01   4.9882251967e-01
   2.5000000000e-01   4.7286387556e-01   4.9340371975e-01
   2.5000000000e-01   4.7286387556e-01   4.9340371975e-01
   2.5000000000e-01   4.7286387556e-01   4.9882251967e-01
   2.5000000000e-01   4.7286387556e-01   4.9882251967e-01
   2.5000000000e-01   4.7286387556e-01   4.9340371975e-01
   2.5000000000e-01   4.7286387556e-01   4.9340371975e-01
   2.5000000000e-01   3.8402682665e-01   2.5526416730e-01
   2.5000000000e-01   3.8402682665e-01   2.5526416730e-01
   2.5000000000e-01   3.8402682665e-01   5.0880389823e-01
   2.5000000000e-01   3.8402682665e-01   5.0880389823e-01
   2.5000000000e-01   3.8402682665e-01   5.0880389823e-01
   2.5000000000e-01   3.8402682665e-01   5.0880389823e-01
   2.5000000000e-01   3.8402682665e-01   2.5526416730e-01
   2.5000000000e-01   3.8402682665e-01   2.5526416730e-01
   2.5000000000e-01   3.8402682665e-01   4.9452155343e-01
   2.5000000000e-01   3.8402682665e-01   4.9452155343e-01
   2.5000000000e-01   3.8402682665e-01   3.0654435517e-01
   2.5000000000e-01   3.8402682665e-01   3.0654435517e-01
   2.5000000000e-01   3.8402682665e-01   4.0053295430e-01
   2.5000000000e-01   3.8402682665e-01   4.0053295430e-01
   2.5000000000e-01   3.8402682665e-01   4.0053295430e-01
   2.5000000000e-01   3.8402682665e-01   4.0053295430e-01
   2.5000000000e-01   3.8402682665e-01   4.2592922999e-01
   2.5000000000e-01   3.8402682665e-01   4.2592922999e-01
   2.5000000000e-01   3.8402682665e-01   4.2592922999e-01
   2.5000000000e-01   3.8402682665e-01   4.2592922999e-01
   2.5000000000e-01   3.8402682665e-01   4.0434045387e-01
   2.5000000000e-01   3.8402682665e-01   4.0434045387e-01
   2.5000000000e-01   3.8402682665e-01   4.0434045387e-01
   2.5000000000e-01   3.8402682665e-01   4.0434045387e-01
   2.5000000000e-01   3.8402682665e-01   4.2592922999e-01
   2.5000000000e-01   3.8402682665e-01   4.2592922999e-01
   2.5000000000e-01   3.8402682665e-01   4.2592922999e-01
   2.5000000000e-01   3.8402682665e-01   4.2592922999e-01
   2.5000000000e-01   3.8402682665e-01   4.0434045387e-01
   2.5000000000e-01   3.8402682665e-01   4.0434045387e-01
   2.5000000000e-01   3.8402682665e-01   4.0434045387e-01
   2.5000000000e-01   3.8402682665e-01   4.0434045387e-01
   2.5000000000e-01   2.8916572454e-01   2.4237429946e-01
   2.5000000000e-01   2.8916572454e-01   2.4237429946e-01
   2.5000000000e-01   2.8916572454e-01   2.4237429946e-01
   2.5000000000e-01   2.8916572454e-01   2.4237429946e-01
   2.5000000000e-01   2.8916572454e-01   2.3792208541e-01
   2.5000000000e-01   2.8916572454e-01   2.3792208541e-01
   2.5000000000e-01   2.8916572454e-01   2.3792208541e-01
   2.5000000000e-01   2.8916572454e-01   2.3792208541e-01
   2.5000000000e-01   3.8402682665e-01   3.8816680639e-01
   2.5000000000e-01   3.8402682665e-01   3.8816680639e-01
   2.5000000000e-01   3.8402682665e-01   3.8816680639e-01
   2.5000000000e-01   3.8402682665e-01   3.8816680639e-01
   2.5000000000e-01   3.8402682665e-01   3.9426032197e-01
   2.5000000000e-01   3.8402682665e-01   3.9426032197e-01
   2.5000000000e-01   3.8402682665e-01   3.9426032197e-01
   2.5000000000e-01   3.8402682665e-01   3.9426032197e-01
   2.5000000000e-01   3.3659627560e-01   2.7900655692e-01
   2.5000000000e-01   3.3659627560e-01   2.7900655692e-01
   2.5000000000e-01   3.3659627560e-01   3.2086418511e-01
   2.5000000000e-01   3.3659627560e-01   3.2086418511e-01
   2.5000000000e-01   3.3659627560e-01   3.8816680639e-01
   2.5000000000e-01   3.3659627560e-01   3.8816680639e-01
   2.5000000000e-01   3.3659627560e-01   3.8816680639e-01
   2.5000000000e-01   3.3659627560e-01   3.8816680639e-01
   2.5000000000e-01   3.3659627560e-01   2.9993537102e-01
   2.5000000000e-01   3.3659627560e-01   2.9993537102e-01
   2.5000000000e-01   3.3659627560e-01   2.9993537102e-01
   2.5000000000e-01   3.3659627560e-01   2.9993537102e-01
   2.5000000000e-01   3.3659627560e-01   3.9426032197e-01
   2.5000000000e-01   3.3659627560e-01   3.9426032197e-01
   2.5000000000e-01   3.3659627560e-01   3.9426032197e-01
   2.5000000000e-01   3.3659627560e-01   3.9426032197e-01
   2.5000000000e-01   2.2102598426e-01   2.2685403648e-01
   2.5000000000e-01   2.2102598426e-01   2.2685403648e-01
   2.5000000000e-01   2.2102598426e-01   2.2685403648e-01
   2.5000000000e-01   2.2102598426e-01   2.2685403648e-01
   2.5000000000e-01   2.2102598426e-01   2.2685403648e-01
   2.5000000000e-01   2.2102598426e-01   2.2685403648e-01
   2.5000000000e-01   2.2102598426e-01   2.2685403648e-01
   2.5000000000e-01   2.2102598426e-01   2.2685403648e-01
   2.5000000000e-01   1.9878882210e-01   2.4235731183e-01
   2.5000000000e-01   1.9878882210e-01   2.4235731183e-01
   2.5000000000e-01   1.9878882210e-01   2.4235731183e-01
   2.5000000000e-01   1.9878882210e-01   2.4235731183e-01
   2.5000000000e-01   1.9878882210e-01   2.4557627320e-01
   2.5000000000e-01   1.9878882210e-01   2.4557627320e-01
   2.5000000000e-01   1.9878882210e-01   2.4557627320e-01
   2.5000000000e-01   1.9878882210e-01   2.4557627320e-01
   2.5000000000e-01   2.1816305310e-01   2.2607754322e-01
   2.5000000000e-01   2.1816305310e-01   2.2607754322e-01
   2.5000000000e-01   2.1816305310e-01   2.2607754322e-01
   2.5000000000e-01   2.1816305310e-01   2.2607754322e-01
   2.5000000000e-01   2.1816305310e-01   2.2607754322e-01
   2.5000000000e-01   2.1816305310e-01   2.2607754322e-01
   2.5000000000e-01   2.1816305310e-01   1.9203102001e-01
   2.5000000000e-01   2.1816305310e-01   1.9203102001e-01
   2.5000000000e-01   2.1816305310e-01   1.4995496126e-01
   2.5000000000e-01   2.1816305310e-01   1.4995496126e-01
   2.5000000000e-01   2.1816305310e-01   1.9203102001e-01
   2.5000000000e-01   2.1816305310e-01   1.9203102001e-01
   2.5000000000e-01   2.1816305310e-01   2.2280228602e-01
   2.5000000000e-01   2.1816305310e-01   2.2280228602e-01
   2.5000000000e-01   2.1816305310e-01   2.2280228602e-01
   2.5000000000e-01   2.1816305310e-01   2.2280228602e-01
   2.5000000000e-01   2.0990740318e-01   1.8404191269e-01
   2.5000000000e-01   2.0990740318e-01   1.8404191269e-01
   2.5000000000e-01   2.0990740318e-01   1.8404191269e-01
   2.5000000000e-01   2.0990740318e-01   1.8404191269e-01
   2.5000000000e-01   2.0990740318e-01   2.0226951120e-01
   2.5000000000e-01   2.0990740318e-01   2.0226951120e-01
   2.5000000000e-01   2.0990740318e-01   2.3525682867e-01
   2.5000000000e-01   2.0990740318e-01   2.3525682867e-01
   2.5000000000e-01   1.9878882210e-01   1.1061267929e-01
   2.5000000000e-01   1.9878882210e-01   1.1061267929e-01
   2.5000000000e-01   1.9878882210e-01   1.8300310768e-01
   2.5000000000e-01   1.9878882210e-01   1.8300310768e-01
   2.5000000000e-01   1.9878882210e-01   1.8300310768e-01
   2.5000000000e-01   1.9878882210e-01   1.8300310768e-01
   2.5000000000e-01   1.9878882210e-01   1.1061267929e-01
   2.5000000000e-01   1.9878882210e-01   1.1061267929e-01
   2.5000000000e-01   2.0434811264e-01   1.4928815959e-01
   2.5000000000e-01   2.0434811264e-01   1.4928815959e-01
   2.5000000000e-01   2.0434811264e-01   2.2882676966e-01
   2.5000000000e-01   2.0434811264e-01   2.2882676966e-01
   2.5000000000e-01   2.0434811264e-01   2.3333740247e-01
   2.5000000000e-01   2.0434811264e-01   2.3333740247e-01
   2.5000000000e-01   2.0434811264e-01   2.3333740247e-01
   2.5000000000e-01   2.0434811264e-01   2.3333740247e-01
   2.5000000000e-01   2.0434811264e-01   2.5539353608e-01
   2.5000000000e-01   2.0434811264e-01   2.5539353608e-01
   2.5000000000e-01   2.0434811264e-01   1.8905746462e-01
   2.5000000000e-01   2.0434811264e-01   1.8905746462e-01
   2.5000000000e-01   2.0434811264e-01   1.8905746462e-01
   2.5000000000e-01   2.0434811264e-01   1.8905746462e-01
   2.5000000000e-01   2.0434811264e-01   1.1061267929e-01
   2.5000000000e-01   2.0434811264e-01   1.1061267929e-01
   2.5000000000e-01   1.0428384053e-01   5.6760199447e-02
   2.5000000000e-01   1.0428384053e-01   5.6760199447e-02
   2.5000000000e-01   1.0428384053e-01   5.6760199447e-02
   2.5000000000e-01   1.0428384053e-01   5.6760199447e-02
   2.5000000000e-01   1.0428384053e-01   1.1156759254e-01
   2.5000000000e-01   1.0428384053e-01   1.1156759254e-01
   2.5000000000e-01   1.0428384053e-01   1.1156759254e-01
   2.5000000000e-01   1.0428384053e-01   1.1156759254e-01
   2.5000000000e-01   1.0428384053e-01   9.4228909819e-02
   2.5000000000e-01   1.0428384053e-01   9.4228909819e-02
   2.5000000000e-01   1.0428384053e-01   6.9730725310e-02
   2.5000000000e-01   1.0428384053e-01   6.9730725310e-02
   2.5000000000e-01   1.0428384053e-01   9.4228909819e-02
   2.5000000000e-01   1.0428384053e-01   9.4228909819e-02
   2.5000000000e-01   1.0428384053e-01   6.9730725310e-02
   2.5000000000e-01   1.0428384053e-01   6.9730725310e-02
   2.5000000000e-01   1.0428384053e-01   5.0389196077e-02
   2.5000000000e-01   1.0428384053e-01   5.0389196077e-02
   2.5000000000e-01   1.0428384053e-01   9.2275896673e-02
   2.5000000000e-01   1.0428384053e-01   9.2275896673e-02
   2.5000000000e-01   1.0428384053e-01   6.6328876156e-02
   2.5000000000e-01   1.0428384053e-01   6.6328876156e-02
   2.5000000000e-01   1.0428384053e-01   6.6328876156e-02
   2.5000000000e-01   1.0428384053e-01   6.6328876156e-02
   2.5000000000e-01   1.0428384053e-01   9.5786036194e-02
   2.5000000000e-01   1.0428384053e-01   9.5786036194e-02
   2.5000000000e-01   1.0428384053e-01   8.2268556235e-02
   2.5000000000e-01   1.0428384053e-01   8.2268556235e-02
   2.5000000000e-01   1.0428384053e-01   9.5786036194e-02
   2.5000000000e-01   1.0428384053e-01   9.5786036194e-02
   2.5000000000e-01   1.0428384053e-01   9.2275896673e-02
   2.5000000000e-01   1.0428384053e-01   9.2275896673e-02
   2.5000000000e-01   1.0428384053e-01   5.5806046278e-02
   2.5000000000e-01   1.0428384053e-01   5.5806046278e-02
   2.5000000000e-01   1.0428384053e-01   4.4853962766e-02
   2.5000000000e-01   1.0428384053e-01   4.4853962766e-02
   2.5000000000e-01   1.0428384053e-01   4.4853962766e-02
   2.5000000000e-01   1.0428384053e-01   4.4853962766e-02
   2.5000000000e-01   1.0428384053e-01   5.5806046278e-02
   2.5000000000e-01   1.0428384053e-01   5.5806046278e-02
   2.5000000000e-01   1.0428384053e-01   4.4853962766e-02
   2.5000000000e-01   1.0428384053e-01   4.4853962766e-02
   2.5000000000e-01   1.0428384053e-01   4.4853962766e-02
   2.5000000000e-01   1.0428384053e-01   4.4853962766e-02
   2.5000000000e-01   1.0428384053e-01   8.1423714072e-02
   2.5000000000e-01   1.0428384053e-01   8.1423714072e-02
   2.5000000000e-01   1.0428384053e-01   8.1423714072e-02
   2.5000000000e-01   1.0428384053e-01   8.1423714072e-02
   2.5000000000e-01   1.0428384053e-01   7.3576784482e-02
   2.5000000000e-01   1.0428384053e-01   7.3576784482e-02
   2.5000000000e-01   1.0428384053e-01   7.3576784482e-02
   2.5000000000e-01   1.0428384053e-01   7.3576784482e-02
   2.5000000000e-01   1.0428384053e-01   9.7300194790e-02
   2.5000000000e-01   1.0428384053e-01   9.7300194790e-02
   2.5000000000e-01   1.0428384053e-01   4.9853374175e-02
   2.5000000000e-01   1.0428384053e-01   4.9853374175e-02
   2.5000000000e-01   1.0428384053e-01   9.7300194790e-02
   2.5000000000e-01   1.0428384053e-01   9.7300194790e-02
   2.5000000000e-01   1.0428384053e-01   9.7300194790e-02
   2.5000000000e-01   1.0428384053e-01   9.7300194790e-02
   2.5000000000e-01   1.0428384053e-01   5.6224377544e-02
   2.5000000000e-01   1.0428384053e-01   5.6224377544e-02
   2.5000000000e-01   1.0428384053e-01   5.6224377544e-02
   2.5000000000e-01   1.0428384053e-01   5.6224377544e-02
  -2.5000000000e-01  -2.6631417494e-01  -2.7636224309e-01
  -2.5000000000e-01  -2.6631417494e-01  -2.7636224309e-01
  -2.5000000000e-01  -2.6631417494e-01  -2.7636224309e-01
  -2.5000000000e-01  -2.6631417494e-01  -2.7636224309e-01
  -2.5000000000e-01  -2.6631417494e-01  -2.7476971603e-01
  -2.5000000000e-01  -2.6631417494e-01  -2.7476971603e-01
  -2.5000000000e-01  -2.6631417494e-01  -2.6490442655e-01
  -2.5000000000e-01  -2.6631417494e-01  -2.6490442655e-01
  -2.5000000000e-01  -2.6631417494e-01  -2.6490442655e-01
  -2.5000000000e-01  -2.6631417494e-01  -2.6490442655e-01
  -2.5000000000e-01  -2.6631417494e-01  -2.6490442655e-01
  -2.5000000000e-01  -2.6631417494e-01  -2.6490442655e-01
  -2.5000000000e-01  -2.6631417494e-01  -2.7288530108e-01
  -2.5000000000e-01  -2.6631417494e-01  -2.7288530108e-01
  -2.5000000000e-01  -2.6631417494e-01  -2.7288530108e-01
  -2.5000000000e-01  -2.6631417494e-01  -2.7288530108e-01
  -2.5000000000e-01  -2.6506127610e-01  -2.3856320341e-01
  -2.5000000000e-01  -2.6506127610e-01  -2.3856320341e-01
  -2.5000000000e-01  -2.6506127610e-01  -2.3856320341e-01
  -2.5000000000e-01  -2.6506127610e-01  -2.3856320341e-01
  -2.5000000000e-01  -2.6506127610e-01  -2.6431707942e-01
  -2.5000000000e-01  -2.6506127610e-01  -2.6431707942e-01
  -2.5000000000e-01  -2.6506127610e-01  -2.6431707942e-01
  -2.5000000000e-01  -2.6506127610e-01  -2.6431707942e-01
  -2.5000000000e-01  -2.6506127610e-01  -2.4597717699e-01
  -2.5000000000e-01  -2.6506127610e-01  -2.4597717699e-01
  -2.5000000000e-01  -2.6506127610e-01  -2.4228734050e-01
  -2.5000000000e-01  -2.6506127610e-01  -2.4228734050e-01
  -2.5000000000e-01  -2.6506127610e-01  -2.5711528767e-01
  -2.5000000000e-01  -2.6506127610e-01  -2.5711528767e-01
  -2.5000000000e-01  -2.6506127610e-01  -2.4597717699e-01
  -2.5000000000e-01  -2.6506127610e-01  -2.4597717699e-01
  -2.5000000000e-01  -2.6506127610e-01  -2.4794376895e-01
  -2.5000000000e-01  -2.6506127610e-01  -2.4794376895e-01
  -2.5000000000e-01  -2.6506127610e-01  -2.4591007298e-01
  -2.5000000000e-01  -2.6506127610e-01  -2.4591007298e-01
  -2.5000000000e-01  -2.6506127610e-01  -2.4581451770e-01
  -2.5000000000e-01  -2.6506127610e-01  -2.4581451770e-01
  -2.5000000000e-01  -2.6506127610e-01  -2.4581451770e-01
  -2.5000000000e-01  -2.6506127610e-01  -2.4581451770e-01
  -2.5000000000e-01  -2.6506127610e-01  -2.4431459688e-01
  -2.5000000000e-01  -2.6506127610e-01  -2.4431459688e-01
  -2.5000000000e-01  -2.6506127610e-01  -2.4431459688e-01
  -2.5000000000e-01  -2.6506127610e-01  -2.4431459688e-01
  -2.5000000000e-01  -2.6506127610e-01  -2.4581451770e-01
  -2.5000000000e-01  -2.6506127610e-01  -2.4581451770e-01
  -2.5000000000e-01  -2.6506127610e-01  -2.4581451770e-01
  -2.5000000000e-01  -2.6506127610e-01  -2.4581451770e-01
  -2.5000000000e-01  -2.6631417494e-01  -2.6836182648e-01
  -2.5000000000e-01  -2.6631417494e-01  -2.6836182648e-01
  -2.5000000000e-01  -2.6631417494e-01  -2.6836182648e-01
  -2.5000000000e-01  -2.6631417494e-01  -2.6836182648e-01
  -2.5000000000e-01  -2.6631417494e-01  -2.8381666523e-01
  -2.5000000000e-01  -2.6631417494e-01  -2.8381666523e-01
  -2.5000000000e-01  -2.6631417494e-01  -2.8381666523e-01
  -2.5000000000e-01  -2.6631417494e-01  -2.8381666523e-01
  -2.5000000000e-01  -2.6631417494e-01  -2.8486957000e-01
  -2.5000000000e-01  -2.6631417494e-01  -2.8486957000e-01
  -2.5000000000e-01  -2.6631417494e-01  -2.6785491618e-01
  -2.5000000000e-01  -2.6631417494e-01  -2.6785491618e-01
  -2.5000000000e-01  -2.6631417494e-01  -2.8381666523e-01
  -2.5000000000e-01  -2.6631417494e-01  -2.8381666523e-01
  -2.5000000000e-01  -2.6631417494e-01  -2.8463500550e-01
  -2.5000000000e-01  -2.6631417494e-01  -2.8463500550e-01
  -2.5000000000e-01  -2.6488313545e-01  -2.5187763639e-01
  -2.5000000000e-01  -2.6488313545e-01  -2.5187763639e-01
  -2.5000000000e-01  -2.6488313545e-01  -2.5187763639e-01
  -2.5000000000e-01  -2.6488313545e-01  -2.5187763639e-01
  -2.5000000000e-01  -2.6488313545e-01  -2.6051431902e-01
  -2.5000000000e-01  -2.6488313545e-01  -2.6051431902e-01
  -2.5000000000e-01  -2.6488313545e-01  -2.6051431902e-01
  -2.5000000000e-01  -2.6488313545e-01  -2.6051431902e-01
  -2.5000000000e-01  -2.8001166894e-01  -2.6843200364e-01
  -2.5000000000e-01  -2.8001166894e-01  -2.6843200364e-01
  -2.5000000000e-01  -2.8001166894e-01  -2.6253488096e-01
  -2.5000000000e-01  -2.8001166894e-01  -2.6253488096e-01
  -2.5000000000e-01  -2.8001166894e-01  -2.6716705578e-01
  -2.5000000000e-01  -2.8001166894e-01  -2.6716705578e-01
  -2.5000000000e-01  -2.8001166894e-01  -2.6716705578e-01
  -2.5000000000e-01  -2.8001166894e-01  -2.6716705578e-01
  -2.5000000000e-01  -2.6488313545e-01  -2.5101378601e-01
  -2.5000000000e-01  -2.6488313545e-01  -2.5101378601e-01
  -2.5000000000e-01  -2.6488313545e-01  -2.5101378601e-01
  -2.5000000000e-01  -2.6488313545e-01  -2.5101378601e-01
  -2.5000000000e-01  -2.6488313545e-01  -2.5286798942e-01
  -2.5000000000e-01  -2.6488313545e-01  -2.5286798942e-01
  -2.5000000000e-01  -2.6488313545e-01  -2.5286798942e-01
  -2.5000000000e-01  -2.6488313545e-01  -2.5286798942e-01
  -2.5000000000e-01  -2.8001166894e-01  -2.6573810919e-01
  -2.5000000000e-01  -2.8001166894e-01  -2.6573810919e-01
  -2.5000000000e-01  -2.8001166894e-01  -2.6573810919e-01
  -2.5000000000e-01  -2.8001166894e-01  -2.6573810919e-01
  -2.5000000000e-01  -2.8001166894e-01  -2.7029734845e-01
  -2.5000000000e-01  -2.8001166894e-01  -2.7029734845e-01
  -2.5000000000e-01  -2.8001166894e-01  -2.7029734845e-01
  -2.5000000000e-01  -2.8001166894e-01  -2.7029734845e-01
  -2.5000000000e-01  -2.8001166894e-01  -2.6514677605e-01
  -2.5000000000e-01  -2.8001166894e-01  -2.6514677605e-01
  -2.5000000000e-01  -2.8001166894e-01  -2.6514677605e-01
  -2.5000000000e-01  -2.8001166894e-01  -2.6514677605e-01
  -2.5000000000e-01  -2.8001166894e-01  -2.5892906702e-01
  -2.5000000000e-01  -2.8001166894e-01  -2.5892906702e-01
  -2.5000000000e-01  -2.8001166894e-01  -2.7029734845e-01
  -2.5000000000e-01  -2.8001166894e-01  -2.7029734845e-01
  -2.5000000000e-01  -2.8001166894e-01  -2.6936028524e-01
  -2.5000000000e-01  -2.8001166894e-01  -2.6936028524e-01
  -2.5000000000e-01  -2.8001166894e-01  -2.6936028524e-01
  -2.5000000000e-01  -2.8001166894e-01  -2.6936028524e-01
  -2.5000000000e-01  -2.8001166894e-01  -2.6461320773e-01
  -2.5000000000e-01  -2.8001166894e-01  -2.6461320773e-01
  -2.5000000000e-01  -2.8001166894e-01  -2.6461320773e-01
  -2.5000000000e-01  -2.8001166894e-01  -2.6461320773e-01
  -2.5000000000e-01  -2.6428097228e-01  -2.6253488096e-01
  -2.5000000000e-01  -2.6428097228e-01  -2.6253488096e-01
  -2.5000000000e-01  -2.6428097228e-01  -2.6253488096e-01
  -2.5000000000e-01  -2.6428097228e-01  -2.6253488096e-01
  -2.5000000000e-01  -2.6428097228e-01  -2.5237281290e-01
  -2.5000000000e-01  -2.6428097228e-01  -2.5237281290e-01
  -2.5000000000e-01  -2.6428097228e-01  -2.5237281290e-01
  -2.5000000000e-01  -2.6428097228e-01  -2.5237281290e-01
  -2.5000000000e-01  -2.6428097228e-01  -2.6253488096e-01
  -2.5000000000e-01  -2.6428097228e-01  -2.6253488096e-01
  -2.5000000000e-01  -2.6428097228e-01  -2.6253488096e-01
  -2.5000000000e-01  -2.6428097228e-01  -2.6253488096e-01
  -2.5000000000e-01  -2.6428097228e-01  -2.5286798942e-01
  -2.5000000000e-01  -2.6428097228e-01  -2.5286798942e-01
  -2.5000000000e-01  -2.6428097228e-01  -2.5187763639e-01
  -2.5000000000e-01  -2.6428097228e-01  -2.5187763639e-01
  -2.5000000000e-01  -2.6740042523e-01  -2.4112436931e-01
  -2.5000000000e-01  -2.6740042523e-01  -2.4112436931e-01
  -2.5000000000e-01  -2.6740042523e-01  -2.7291187453e-01
  -2.5000000000e-01  -2.6740042523e-01  -2.7291187453e-01
  -2.5000000000e-01  -2.6740042523e-01  -2.6300607468e-01
  -2.5000000000e-01  -2.6740042523e-01  -2.6300607468e-01
  -2.5000000000e-01  -2.6740042523e-01  -2.6300607468e-01
  -2.5000000000e-01  -2.6740042523e-01  -2.6300607468e-01
  -2.5000000000e-01  -2.6740042523e-01  -2.6569741336e-01
  -2.5000000000e-01  -2.6740042523e-01  -2.6569741336e-01
  -2.5000000000e-01  -2.6740042523e-01  -2.6569741336e-01
  -2.5000000000e-01  -2.6740042523e-01  -2.6569741336e-01
  -2.5000000000e-01  -2.6740042523e-01  -2.6300607468e-01
  -2.5000000000e-01  -2.6740042523e-01  -2.6300607468e-01
  -2.5000000000e-01  -2.6740042523e-01  -2.6300607468e-01
  -2.5000000000e-01  -2.6740042523e-01  -2.6300607468e-01
  -2.5000000000e-01  -2.6740042523e-01  -2.6887135472e-01
  -2.5000000000e-01  -2.6740042523e-01  -2.6887135472e-01
  -2.5000000000e-01  -2.6740042523e-01  -2.5929342641e-01
  -2.5000000000e-01  -2.6740042523e-01  -2.5929342641e-01
  -2.5000000000e-01  -2.6740042523e-01  -2.5884990573e-01
  -2.5000000000e-01  -2.6740042523e-01  -2.5884990573e-01
  -2.5000000000e-01  -2.6740042523e-01  -2.6887135472e-01
  -2.5000000000e-01  -2.6740042523e-01  -2.6887135472e-01
  -2.5000000000e-01  -2.6740042523e-01  -2.6887135472e-01
  -2.5000000000e-01  -2.6740042523e-01  -2.6887135472e-01
  -2.5000000000e-01  -2.6740042523e-01  -2.5929342641e-01
  -2.5000000000e-01  -2.6740042523e-01  -2.5929342641e-01
  -2.5000000000e-01  -2.6740042523e-01  -2.6430415091e-01
  -2.5000000000e-01  -2.6740042523e-01  -2.6430415091e-01
  -2.5000000000e-01  -2.6740042523e-01  -2.6430415091e-01
  -2.5000000000e-01  -2.6740042523e-01  -2.6430415091e-01
  -2.5000000000e-01  -2.7494701056e-01  -2.8390053964e-01
  -2.5000000000e-01  -2.7494701056e-01  -2.8390053964e-01
  -2.5000000000e-01  -2.7494701056e-01  -2.8390053964e-01
  -2.5000000000e-01  -2.7494701056e-01  -2.8390053964e-01
  -2.5000000000e-01  -2.7494701056e-01  -2.7443378998e-01
  -2.5000000000e-01  -2.7494701056e-01  -2.7443378998e-01
  -2.5000000000e-01  -2.7494701056e-01  -2.7949772785e-01
  -2.5000000000e-01  -2.7494701056e-01  -2.7949772785e-01
  -2.5000000000e-01  -2.7494701056e-01  -2.7780974856e-01
  -2.5000000000e-01  -2.7494701056e-01  -2.7780974856e-01
  -2.5000000000e-01  -2.7494701056e-01  -2.7949772785e-01
  -2.5000000000e-01  -2.7494701056e-01  -2.7949772785e-01
  -2.5000000000e-01  -2.7494701056e-01  -2.7083745605e-01
  -2.5000000000e-01  -2.7494701056e-01  -2.7083745605e-01
  -2.5000000000e-01  -2.7494701056e-01  -2.7083745605e-01
  -2.5000000000e-01  -2.7494701056e-01  -2.7083745605e-01
  -2.5000000000e-01  -2.7494701056e-01  -2.9026256193e-01
  -2.5000000000e-01  -2.7494701056e-01  -2.9026256193e-01
  -2.5000000000e-01  -2.7494701056e-01  -2.9026256193e-01
  -2.5000000000e-01  -2.7494701056e-01  -2.9026256193e-01
  -2.5000000000e-01  -2.7494701056e-01  -2.9026256193e-01
  -2.5000000000e-01  -2.7494701056e-01  -2.9026256193e-01
  -2.5000000000e-01  -2.7494701056e-01  -2.9026256193e-01
  -2.5000000000e-01  -2.7494701056e-01  -2.9026256193e-01
  -2.5000000000e-01  -2.7494701056e-01  -2.6430591425e-01
  -2.5000000000e-01  -2.7494701056e-01  -2.6430591425e-01
  -2.5000000000e-01  -2.7494701056e-01  -2.6430591425e-01
  -2.5000000000e-01  -2.7494701056e-01  -2.6430591425e-01
  -2.5000000000e-01  -2.7494701056e-01  -2.6430591425e-01
  -2.5000000000e-01  -2.7494701056e-01  -2.6430591425e-01
  -2.5000000000e-01  -2.7494701056e-01  -2.6430591425e-01
  -2.5000000000e-01  -2.7494701056e-01  -2.6430591425e-01
  -2.5000000000e-01  -2.6887737919e-01  -2.6807357217e-01
  -2.5000000000e-01  -2.6887737919e-01  -2.6807357217e-01
  -2.5000000000e-01  -2.6887737919e-01  -2.6595249582e-01
  -2.5000000000e-01  -2.6887737919e-01  -2.6595249582e-01
  -2.5000000000e-01  -2.6887737919e-01  -2.7083794019e-01
  -2.5000000000e-01  -2.6887737919e-01  -2.7083794019e-01
  -2.5000000000e-01  -2.6887737919e-01  -2.7083794019e-01
  -2.5000000000e-01  -2.6887737919e-01  -2.7083794019e-01
  -2.5000000000e-01  -2.6887737919e-01  -2.7189847836e-01
  -2.5000000000e-01  -2.6887737919e-01  -2.7189847836e-01
  -2.5000000000e-01  -2.6887737919e-01  -2.7189847836e-01
  -2.5000000000e-01  -2.6887737919e-01  -2.7189847836e-01
  -2.5000000000e-01  -2.6887737919e-01  -2.6807357217e-01
  -2.5000000000e-01  -2.6887737919e-01  -2.6807357217e-01
  -2.5000000000e-01  -2.6887737919e-01  -2.6383141948e-01
  -2.5000000000e-01  -2.6887737919e-01  -2.6383141948e-01
  -2.5000000000e-01  -2.6887737919e-01  -2.5906965596e-01
  -2.5000000000e-01  -2.6887737919e-01  -2.5906965596e-01
  -2.5000000000e-01  -2.6887737919e-01  -2.6735093325e-01
  -2.5000000000e-01  -2.6887737919e-01  -2.6735093325e-01
  -2.5000000000e-01  -2.6887737919e-01  -2.6357161407e-01
  -2.5000000000e-01  -2.6887737919e-01  -2.6357161407e-01
  -2.5000000000e-01  -2.6887737919e-01  -2.6357161407e-01
  -2.5000000000e-01  -2.6887737919e-01  -2.6357161407e-01
  -2.5000000000e-01  -2.6887737919e-01  -2.6559117636e-01
  -2.5000000000e-01  -2.6887737919e-01  -2.6559117636e-01
  -2.5000000000e-01  -2.6887737919e-01  -2.6559117636e-01
  -2.5000000000e-01  -2.6887737919e-01  -2.6559117636e-01
  -2.5000000000e-01  -2.6887737919e-01  -2.6595249582e-01
  -2.5000000000e-01  -2.6887737919e-01  -2.6595249582e-01
  -2.5000000000e-01  -2.6887737919e-01  -2.6595249582e-01
  -2.5000000000e-01  -2.6887737919e-01  -2.6595249582e-01
  -2.5000000000e-01  -2.6518421703e-01  -2.5365228200e-01
  -2.5000000000e-01  -2.6518421703e-01  -2.5365228200e-01
  -2.5000000000e-01  -2.6518421703e-01  -2.4711175094e-01
  -2.5000000000e-01  -2.6518421703e-01  -2.4711175094e-01
  -2.5000000000e-01  -2.6518421703e-01  -2.5903682515e-01
  -2.5000000000e-01  -2.6518421703e-01  -2.5903682515e-01
  -2.5000000000e-01  -2.6518421703e-01  -2.6557735621e-01
  -2.5000000000e-01  -2.6518421703e-01  -2.6557735621e-01
  -2.5000000000e-01  -2.6518421703e-01  -2.6557735621e-01
  -2.5000000000e-01  -2.6518421703e-01  -2.6557735621e-01
  -2.5000000000e-01  -2.6518421703e-01  -2.5038201647e-01
  -2.5000000000e-01  -2.6518421703e-01  -2.5038201647e-01
  -2.5000000000e-01  -2.6518421703e-01  -2.5903682515e-01
  -2.5000000000e-01  -2.6518421703e-01  -2.5903682515e-01
  -2.5000000000e-01  -2.6518421703e-01  -2.5038201647e-01
  -2.5000000000e-01  -2.6518421703e-01  -2.5038201647e-01
  -2.5000000000e-01  -2.6518421703e-01  -2.6288508464e-01
  -2.5000000000e-01  -2.6518421703e-01  -2.6288508464e-01
  -2.5000000000e-01  -2.6518421703e-01  -2.6505387852e-01
  -2.5000000000e-01  -2.6518421703e-01  -2.6505387852e-01
  -2.5000000000e-01  -2.6518421703e-01  -2.6396948158e-01
  -2.5000000000e-01  -2.6518421703e-01  -2.6396948158e-01
  -2.5000000000e-01  -2.6518421703e-01  -2.6396948158e-01
  -2.5000000000e-01  -2.6518421703e-01  -2.6396948158e-01
  -2.5000000000e-01  -2.6518421703e-01  -2.6826962779e-01
  -2.5000000000e-01  -2.6518421703e-01  -2.6826962779e-01
  -2.5000000000e-01  -2.6518421703e-01  -2.6826962779e-01
  -2.5000000000e-01  -2.6518421703e-01  -2.6826962779e-01
  -2.5000000000e-01  -2.6518421703e-01  -2.5005784439e-01
  -2.5000000000e-01  -2.6518421703e-01  -2.5005784439e-01
  -2.5000000000e-01  -2.6518421703e-01  -2.5005784439e-01
  -2.5000000000e-01  -2.6518421703e-01  -2.5005784439e-01
   1.7500000000e+00   1.5911532093e+00   1.4207657373e+00
   1.7500000000e+00   1.5911532093e+00   1.4207657373e+00
   1.7500000000e+00   1.5911532093e+00   1.4207657373e+00
   1.7500000000e+00   1.5911532093e+00   1.4207657373e+00
   1.7500000000e+00   1.5911532093e+00   1.6228022490e+00
   1.7500000000e+00   1.5911532093e+00   1.6228022490e+00
   1.7500000000e+00   1.5911532093e+00   1.6228022490e+00
   1.7500000000e+00   1.5911532093e+00   1.6228022490e+00
   1.7500000000e+00   1.5911532093e+00   2.1003596133e+00
   1.7500000000e+00   1.5911532093e+00   2.1003596133e+00
   1.7500000000e+00   1.5911532093e+00   2.1003596133e+00
   1.7500000000e+00   1.5911532093e+00   2.1003596133e+00
   1.7500000000e+00   1.5911532093e+00   1.8018271712e+00
   1.7500000000e+00   1.5911532093e+00   1.8018271712e+00
   1.7500000000e+00   1.5911532093e+00   1.8018271712e+00
   1.7500000000e+00   1.5911532093e+00   1.8018271712e+00
   1.7500000000e+00   1.5911532093e+00   1.2793401792e+00
   1.7500000000e+00   1.5911532093e+00   1.2793401792e+00
   1.7500000000e+00   1.5911532093e+00   1.2793401792e+00
   1.7500000000e+00   1.5911532093e+00   1.2793401792e+00
   1.7500000000e+00   1.5911532093e+00   1.4556890566e+00
   1.7500000000e+00   1.5911532093e+00   1.4556890566e+00
   1.7500000000e+00   1.5911532093e+00   1.3788905854e+00
   1.7500000000e+00   1.5911532093e+00   1.3788905854e+00
   1.7500000000e+00   1.5911532093e+00   1.3404913498e+00
   1.7500000000e+00   1.5911532093e+00   1.3404913498e+00
   1.7500000000e+00   1.5911532093e+00   1.3404913498e+00
   1.7500000000e+00   1.5911532093e+00   1.3404913498e+00
   1.7500000000e+00   1.5911532093e+00   1.5985144139e+00
   1.7500000000e+00   1.5911532093e+00   1.5985144139e+00
   1.7500000000e+00   1.5911532093e+00   1.5985144139e+00
   1.7500000000e+00   1.5911532093e+00   1.5985144139e+00
   1.7500000000e+00   1.8672294906e+00   2.8430613496e+00
   1.7500000000e+00   1.8672294906e+00   2.8430613496e+00
   1.7500000000e+00   1.8672294906e+00   2.3705500060e+00
   1.7500000000e+00   1.8672294906e+00   2.3705500060e+00
   1.7500000000e+00   1.8672294906e+00   2.3705500060e+00
   1.7500000000e+00   1.8672294906e+00   2.3705500060e+00
   1.7500000000e+00   1.8672294906e+00   1.8818366251e+00
   1.7500000000e+00   1.8672294906e+00   1.8818366251e+00
   1.7500000000e+00   9.1828342421e-01   9.0123472374e-01
   1.7500000000e+00   9.1828342421e-01   9.0123472374e-01
   1.7500000000e+00   9.1828342421e-01   9.0115385235e-01
   1.7500000000e+00   9.1828342421e-01   9.0115385235e-01
   1.7500000000e+00   9.1828342421e-01   9.0107298097e-01
   1.7500000000e+00   9.1828342421e-01   9.0107298097e-01
   1.7500000000e+00   9.1828342421e-01   9.0115385235e-01
   1.7500000000e+00   9.1828342421e-01   9.0115385235e-01
   1.7500000000e+00   2.3417025237e+00   2.8527549434e+00
   1.7500000000e+00   2.3417025237e+00   2.8527549434e+00
   1.7500000000e+00   2.3417025237e+00   9.1091830678e-01
   1.7500000000e+00   2.3417025237e+00   9.1091830678e-01
   1.7500000000e+00   2.3417025237e+00   2.8592633869e+00
   1.7500000000e+00   2.3417025237e+00   2.8592633869e+00
   1.7500000000e+00   2.3417025237e+00   2.8527549434e+00
   1.7500000000e+00   2.3417025237e+00   2.8527549434e+00
   1.7500000000e+00   2.3417025237e+00   2.8527549434e+00
   1.7500000000e+00   2.3417025237e+00   2.8527549434e+00
   1.7500000000e+00   2.3417025237e+00   9.1127414089e-01
   1.7500000000e+00   2.3417025237e+00   9.1127414089e-01
   1.7500000000e+00   2.3417025237e+00   9.1127414089e-01
   1.7500000000e+00   2.3417025237e+00   9.1127414089e-01
   1.7500000000e+00   2.3417025237e+00   2.8430613496e+00
   1.7500000000e+00   2.3417025237e+00   2.8430613496e+00
   1.7500000000e+00   2.5283751566e+00   2.3703657717e+00
   1.7500000000e+00   2.5283751566e+00   2.3703657717e+00
   1.7500000000e+00   2.5283751566e+00   2.5553787547e+00
   1.7500000000e+00   2.5283751566e+00   2.5553787547e+00
   1.7500000000e+00   2.5283751566e+00   2.5553787547e+00
   1.7500000000e+00   2.5283751566e+00   2.5553787547e+00
   1.7500000000e+00   2.5283751566e+00   2.3703657717e+00
   1.7500000000e+00   2.5283751566e+00   2.3703657717e+00
   1.7500000000e+00   2.5283751566e+00   2.7054988055e+00
   1.7500000000e+00   2.5283751566e+00   2.7054988055e+00
   1.7500000000e+00   2.5283751566e+00   2.1693176215e+00
   1.7500000000e+00   2.5283751566e+00   2.1693176215e+00
   1.7500000000e+00   2.5283751566e+00   2.7054988055e+00
   1.7500000000e+00   2.5283751566e+00   2.7054988055e+00
   1.7500000000e+00   2.5283751566e+00   2.5553787547e+00
   1.7500000000e+00   2.5283751566e+00   2.5553787547e+00
   1.7500000000e+00   2.5283751566e+00   2.6792226560e+00
   1.7500000000e+00   2.5283751566e+00   2.6792226560e+00
   1.7500000000e+00   2.5283751566e+00   2.7705637170e+00
   1.7500000000e+00   2.5283751566e+00   2.7705637170e+00
   1.7500000000e+00   2.5283751566e+00   2.6335521255e+00
   1.7500000000e+00   2.5283751566e+00   2.6335521255e+00
   1.7500000000e+00   2.5283751566e+00   2.6335521255e+00
   1.7500000000e+00   2.5283751566e+00   2.6335521255e+00
   1.7500000000e+00   2.5283751566e+00   2.4965405340e+00
   1.7500000000e+00   2.5283751566e+00   2.4965405340e+00
   1.7500000000e+00   2.5283751566e+00   2.4965405340e+00
   1.7500000000e+00   2.5283751566e+00   2.4965405340e+00
   1.7500000000e+00   2.5283751566e+00   2.3623481881e+00
   1.7500000000e+00   2.5283751566e+00   2.3623481881e+00
   1.7500000000e+00   2.5283751566e+00   2.3623481881e+00
   1.7500000000e+00   2.5283751566e+00   2.3623481881e+00
   1.7500000000e+00   1.8735183736e+00   2.8441724245e+00
   1.7500000000e+00   1.8735183736e+00   2.8441724245e+00
   1.7500000000e+00   1.8735183736e+00   2.8441724245e+00
   1.7500000000e+00   1.8735183736e+00   2.8441724245e+00
   1.7500000000e+00   1.8735183736e+00   1.3269944030e+00
   1.7500000000e+00   1.8735183736e+00   1.3269944030e+00
   1.7500000000e+00   1.8735183736e+00   1.3269944030e+00
   1.7500000000e+00   1.8735183736e+00   1.3269944030e+00
   1.7500000000e+00   1.8735183736e+00   1.8384447275e+00
   1.7500000000e+00   1.8735183736e+00   1.8384447275e+00
   1.7500000000e+00   1.8735183736e+00   1.8489684345e+00
   1.7500000000e+00   1.8735183736e+00   1.8489684345e+00
   1.7500000000e+00   1.8735183736e+00   1.8489684345e+00
   1.7500000000e+00   1.8735183736e+00   1.8489684345e+00
   1.7500000000e+00   1.8735183736e+00   1.8384447275e+00
   1.7500000000e+00   1.8735183736e+00   1.8384447275e+00
   1.7500000000e+00   1.8735183736e+00   8.1280485498e-01
   1.7500000000e+00   1.8735183736e+00   8.1280485498e-01
   1.7500000000e+00   1.8735183736e+00   2.8563001167e+00
   1.7500000000e+00   1.8735183736e+00   2.8563001167e+00
   1.7500000000e+00   1.8735183736e+00   2.8462095970e+00
   1.7500000000e+00   1.8735183736e+00   2.8462095970e+00
   1.7500000000e+00   1.8735183736e+00   2.8462095970e+00
   1.7500000000e+00   1.8735183736e+00   2.8462095970e+00
   1.7500000000e+00   1.8735183736e+00   8.2837382181e-01
   1.7500000000e+00   1.8735183736e+00   8.2837382181e-01
   1.7500000000e+00   1.8735183736e+00   1.8256149843e+00
   1.7500000000e+00   1.8735183736e+00   1.8256149843e+00
   1.7500000000e+00   1.8735183736e+00   8.0891261328e-01
   1.7500000000e+00   1.8735183736e+00   8.0891261328e-01
   1.7500000000e+00   1.8735183736e+00   8.0891261328e-01
   1.7500000000e+00   1.8735183736e+00   8.0891261328e-01
   6.2500000000e-01   1.2713125939e+00   1.3039652961e+00
   6.2500000000e-01   1.2713125939e+00   1.3039652961e+00
   6.2500000000e-01   1.2713125939e+00   1.3029009559e+00
   6.2500000000e-01   1.2713125939e+00   1.3029009559e+00
   6.2500000000e-01   1.2713125939e+00   1.3039652961e+00
   6.2500000000e-01   1.2713125939e+00   1.3039652961e+00
   6.2500000000e-01   1.2713125939e+00   1.3029009559e+00
   6.2500000000e-01   1.2713125939e+00   1.3029009559e+00
   6.2500000000e-01   1.2774098250e+00   1.3411490228e+00
   6.2500000000e-01   1.2774098250e+00   1.3411490228e+00
   6.2500000000e-01   1.2774098250e+00   1.3411490228e+00
   6.2500000000e-01   1.2774098250e+00   1.3411490228e+00
   6.2500000000e-01   1.2774098250e+00   1.3006339203e+00
   6.2500000000e-01   1.2774098250e+00   1.3006339203e+00
   6.2500000000e-01   1.2774098250e+00   1.3006339203e+00
   6.2500000000e-01   1.2774098250e+00   1.3006339203e+00
   6.2500000000e-01   1.6599835191e-01   8.2134556206e-02
   6.2500000000e-01   1.6599835191e-01   8.2134556206e-02
   6.2500000000e-01   1.6599835191e-01   7.2443633783e-02
   6.2500000000e-01   1.6599835191e-01   7.2443633783e-02
   6.2500000000e-01   1.6599835191e-01   1.3344308910e-01
   6.2500000000e-01   1.6599835191e-01   1.3344308910e-01
   6.2500000000e-01   1.6599835191e-01   1.3344308910e-01
   6.2500000000e-01   1.6599835191e-01   1.3344308910e-01
   6.2500000000e-01   1.6599835191e-01   3.6774998795e-01
   6.2500000000e-01   1.6599835191e-01   3.6774998795e-01
   6.2500000000e-01   1.6599835191e-01   3.6774998795e-01
   6.2500000000e-01   1.6599835191e-01   3.6774998795e-01
   6.2500000000e-01   1.6599835191e-01  -4.4709815642e-02
   6.2500000000e-01   1.6599835191e-01  -4.4709815642e-02
   6.2500000000e-01   1.6599835191e-01  -4.4709815642e-02
   6.2500000000e-01   1.6599835191e-01  -4.4709815642e-02
   6.2500000000e-01   1.2713125939e+00   1.3059725459e+00
   6.2500000000e-01   1.2713125939e+00   1.3059725459e+00
   6.2500000000e-01   1.2713125939e+00   1.3059725459e+00
   6.2500000000e-01   1.2713125939e+00   1.3059725459e+00
   6.2500000000e-01   1.2713125939e+00   1.2631746775e+00
   6.2500000000e-01   1.2713125939e+00   1.2631746775e+00
   6.2500000000e-01   1.2713125939e+00   1.3487704143e+00
   6.2500000000e-01   1.2713125939e+00   1.3487704143e+00
   6.2500000000e-01   1.2652153628e+00   1.2786884659e+00
   6.2500000000e-01   1.2652153628e+00   1.2786884659e+00
   6.2500000000e-01   1.2652153628e+00   1.2786884659e+00
   6.2500000000e-01   1.2652153628e+00   1.2786884659e+00
   6.2500000000e-01   1.2652153628e+00   1.2476608890e+00
   6.2500000000e-01   1.2652153628e+00   1.2476608890e+00
   6.2500000000e-01   1.2652153628e+00   1.2476608890e+00
   6.2500000000e-01   1.2652153628e+00   1.2476608890e+00
   6.2500000000e-01   1.6599835191e-01   2.8359906826e-01
   6.2500000000e-01   1.6599835191e-01   2.8359906826e-01
   6.2500000000e-01   1.6599835191e-01   2.8359906826e-01
   6.2500000000e-01   1.6599835191e-01   2.8359906826e-01
   6.2500000000e-01   1.6599835191e-01   5.2479128663e-01
   6.2500000000e-01   1.6599835191e-01   5.2479128663e-01
   6.2500000000e-01   1.6599835191e-01   5.2479128663e-01
   6.2500000000e-01   1.6599835191e-01   5.2479128663e-01
   6.2500000000e-01   1.6599835191e-01   3.8478945454e-02
   6.2500000000e-01   1.6599835191e-01   3.8478945454e-02
   6.2500000000e-01   1.6599835191e-01   3.8478945454e-02
   6.2500000000e-01   1.6599835191e-01   3.8478945454e-02
   6.2500000000e-01   1.6599835191e-01  -2.7041684026e-01
   6.2500000000e-01   1.6599835191e-01  -2.7041684026e-01
   6.2500000000e-01   1.6599835191e-01   3.4737473117e-01
   6.2500000000e-01   1.6599835191e-01   3.4737473117e-01
   6.2500000000e-01   1.2774098250e+00   1.3488926436e+00
   6.2500000000e-01   1.2774098250e+00   1.3488926436e+00
   6.2500000000e-01   1.2774098250e+00   1.3488926436e+00
   6.2500000000e-01   1.2774098250e+00   1.3488926436e+00
   6.2500000000e-01   1.2774098250e+00   1.3099620408e+00
   6.2500000000e-01   1.2774098250e+00   1.3099620408e+00
   6.2500000000e-01   1.2774098250e+00   1.3099620408e+00
   6.2500000000e-01   1.2774098250e+00   1.3099620408e+00
   6.2500000000e-01   1.2652153628e+00   1.2381555602e+00
   6.2500000000e-01   1.2652153628e+00   1.2381555602e+00
   6.2500000000e-01   1.2652153628e+00   1.2381555602e+00
   6.2500000000e-01   1.2652153628e+00   1.2381555602e+00
   6.2500000000e-01   1.2652153628e+00   1.2578311746e+00
   6.2500000000e-01   1.2652153628e+00   1.2578311746e+00
   6.2500000000e-01   1.2652153628e+00   1.2031020456e+00
   6.2500000000e-01   1.2652153628e+00   1.2031020456e+00
   6.2500000000e-01   1.6599835191e-01   3.8401716147e-02
   6.2500000000e-01   1.6599835191e-01   3.8401716147e-02
   6.2500000000e-01   1.6599835191e-01   2.8871553209e-01
   6.2500000000e-01   1.6599835191e-01   2.8871553209e-01
   6.2500000000e-01   1.6599835191e-01  -6.3160638692e-02
   6.2500000000e-01   1.6599835191e-01  -6.3160638692e-02
   6.2500000000e-01   1.6599835191e-01   8.6787743230e-02
   6.2500000000e-01   1.6599835191e-01   8.6787743230e-02
   6.2500000000e-01   1.6599835191e-01   3.4375020683e-01
   6.2500000000e-01   1.6599835191e-01   3.4375020683e-01
   6.2500000000e-01   1.6599835191e-01   1.1517259703e-01
   6.2500000000e-01   1.6599835191e-01   1.1517259703e-01
   6.2500000000e-01   1.6599835191e-01   8.6787743230e-02
   6.2500000000e-01   1.6599835191e-01   8.6787743230e-02
   6.2500000000e-01   1.6599835191e-01   1.1517259703e-01
   6.2500000000e-01   1.6599835191e-01   1.1517259703e-01
   6.2500000000e-01   1.6599835191e-01  -1.1514004563e-01
   6.2500000000e-01   1.6599835191e-01  -1.1514004563e-01
   6.2500000000e-01   1.6599835191e-01   2.7882373454e-01
   6.2500000000e-01   1.6599835191e-01   2.7882373454e-01
   6.2500000000e-01   1.6599835191e-01   8.1841844459e-02
   6.2500000000e-01   1.6599835191e-01   8.1841844459e-02
   6.2500000000e-01   1.6599835191e-01   8.1841844459e-02
   6.2500000000e-01   1.6599835191e-01   8.1841844459e-02
   6.2500000000e-01   1.6599835191e-01   3.4991489336e-01
   6.2500000000e-01   1.6599835191e-01   3.4991489336e-01
   6.2500000000e-01   1.6599835191e-01   3.4991489336e-01
   6.2500000000e-01   1.6599835191e-01   3.4991489336e-01
   6.2500000000e-01   1.6599835191e-01   3.5364200437e-01
   6.2500000000e-01   1.6599835191e-01   3.5364200437e-01
   6.2500000000e-01   1.6599835191e-01   3.5364200437e-01
   6.2500000000e-01   1.6599835191e-01   3.5364200437e-01
   6.2500000000e-01   1.2774098250e+00   1.3371320030e+00
   6.2500000000e-01   1.2774098250e+00   1.3371320030e+00
   6.2500000000e-01   1.2774098250e+00   1.3480614337e+00
   6.2500000000e-01   1.2774098250e+00   1.3480614337e+00
   6.2500000000e-01   1.2774098250e+00   1.3371320030e+00
   6.2500000000e-01   1.2774098250e+00   1.3371320030e+00
   6.2500000000e-01   1.2774098250e+00   1.3487704143e+00
   6.2500000000e-01   1.2774098250e+00   1.3487704143e+00
   6.2500000000e-01   1.2652153628e+00   1.2477383083e+00
   6.2500000000e-01   1.2652153628e+00   1.2477383083e+00
   6.2500000000e-01   1.2652153628e+00   1.2477383083e+00
   6.2500000000e-01   1.2652153628e+00   1.2477383083e+00
   6.2500000000e-01   1.2652153628e+00   1.2566384779e+00
   6.2500000000e-01   1.2652153628e+00   1.2566384779e+00
   6.2500000000e-01   1.2652153628e+00   1.2304666101e+00
   6.2500000000e-01   1.2652153628e+00   1.2304666101e+00
   1.7500000000e+00   9.4949683680e-01   1.0296752578e+00
   1.7500000000e+00   9.4949683680e-01   1.0296752578e+00
   1.7500000000e+00   9.4949683680e-01   1.0296752578e+00
   1.7500000000e+00   9.4949683680e-01   1.0296752578e+00
   1.7500000000e+00   9.4949683680e-01   1.1176719581e+00
   1.7500000000e+00   9.4949683680e-01   1.1176719581e+00
   1.7500000000e+00   9.4949683680e-01   1.1176719581e+00
   1.7500000000e+00   9.4949683680e-01   1.1176719581e+00
   1.7500000000e+00   9.4949683680e-01   9.9555707514e-01
   1.7500000000e+00   9.4949683680e-01   9.9555707514e-01
   1.7500000000e+00   9.4949683680e-01   9.9555707514e-01
   1.7500000000e+00   9.4949683680e-01   9.9555707514e-01
   1.7500000000e+00   9.4949683680e-01   9.9555707514e-01
   1.7500000000e+00   9.4949683680e-01   9.9555707514e-01
   1.7500000000e+00   9.4949683680e-01   9.9555707514e-01
   1.7500000000e+00   9.4949683680e-01   9.9555707514e-01
   1.7500000000e+00   2.2330077556e+00   2.1466583870e+00
   1.7500000000e+00   2.2330077556e+00   2.1466583870e+00
   1.7500000000e+00   2.2330077556e+00   2.1466583870e+00
   1.7500000000e+00   2.2330077556e+00   2.1466583870e+00
   1.7500000000e+00   2.2330077556e+00   2.1390861332e+00
   1.7500000000e+00   2.2330077556e+00   2.1390861332e+00
   1.7500000000e+00   2.2330077556e+00   2.1390861332e+00
   1.7500000000e+00   2.2330077556e+00   2.1390861332e+00
   1.7500000000e+00   2.2330077556e+00   2.1570886888e+00
   1.7500000000e+00   2.2330077556e+00   2.1570886888e+00
   1.7500000000e+00   2.2330077556e+00   2.1570886888e+00
   1.7500000000e+00   2.2330077556e+00   2.1570886888e+00
   1.7500000000e+00   2.2330077556e+00   2.1438003391e+00
   1.7500000000e+00   2.2330077556e+00   2.1438003391e+00
   1.7500000000e+00   2.2330077556e+00   2.1438003391e+00
   1.7500000000e+00   2.2330077556e+00   2.1438003391e+00
   1.7500000000e+00   2.2913174817e+00   1.9917424218e+00
   1.7500000000e+00   2.2913174817e+00   1.9917424218e+00
   1.7500000000e+00   2.2913174817e+00   2.8511778719e+00
   1.7500000000e+00   2.2913174817e+00   2.8511778719e+00
   1.7500000000e+00   2.2913174817e+00   2.2034844917e+00
   1.7500000000e+00   2.2913174817e+00   2.2034844917e+00
   1.7500000000e+00   2.2913174817e+00   2.2031260492e+00
   1.7500000000e+00   2.2913174817e+00   2.2031260492e+00
   1.7500000000e+00   2.2913174817e+00   1.9917424218e+00
   1.7500000000e+00   2.2913174817e+00   1.9917424218e+00
   1.7500000000e+00   2.2913174817e+00   2.8511778719e+00
   1.7500000000e+00   2.2913174817e+00   2.8511778719e+00
   1.7500000000e+00   2.2913174817e+00   2.2036637130e+00
   1.7500000000e+00   2.2913174817e+00   2.2036637130e+00
   1.7500000000e+00   2.2913174817e+00   2.2036637130e+00
   1.7500000000e+00   2.2913174817e+00   2.2036637130e+00
   1.7500000000e+00   2.2913174817e+00   2.2062517453e+00
   1.7500000000e+00   2.2913174817e+00   2.2062517453e+00
   1.7500000000e+00   2.2913174817e+00   2.2062517453e+00
   1.7500000000e+00   2.2913174817e+00   2.2062517453e+00
   1.7500000000e+00   2.2913174817e+00   2.2024091640e+00
   1.7500000000e+00   2.2913174817e+00   2.2024091640e+00
   1.7500000000e+00   2.2913174817e+00   2.2031260492e+00
   1.7500000000e+00   2.2913174817e+00   2.2031260492e+00
   1.7500000000e+00   2.2913174817e+00   2.2027676066e+00
   1.7500000000e+00   2.2913174817e+00   2.2027676066e+00
   1.7500000000e+00   2.2913174817e+00   2.2027676066e+00
   1.7500000000e+00   2.2913174817e+00   2.2027676066e+00
   1.7500000000e+00   2.2913174817e+00   2.6352703923e+00
   1.7500000000e+00   2.2913174817e+00   2.6352703923e+00
   1.7500000000e+00   2.2913174817e+00   2.6352703923e+00
   1.7500000000e+00   2.2913174817e+00   2.6352703923e+00
   1.7500000000e+00   9.2975660937e-01   8.7164039747e-01
   1.7500000000e+00   9.2975660937e-01   8.7164039747e-01
   1.7500000000e+00   9.2975660937e-01   8.5465378668e-01
   1.7500000000e+00   9.2975660937e-01   8.5465378668e-01
   1.7500000000e+00   9.2975660937e-01   8.7164039747e-01
   1.7500000000e+00   9.2975660937e-01   8.7164039747e-01
   1.7500000000e+00   9.2975660937e-01   8.7164039747e-01
   1.7500000000e+00   9.2975660937e-01   8.7164039747e-01
   1.7500000000e+00   9.2975660937e-01   8.5465378668e-01
   1.7500000000e+00   9.2975660937e-01   8.5465378668e-01
   1.7500000000e+00   9.2975660937e-01   8.6314709207e-01
   1.7500000000e+00   9.2975660937e-01   8.6314709207e-01
   1.7500000000e+00   9.2975660937e-01   8.5465378668e-01
   1.7500000000e+00   9.2975660937e-01   8.5465378668e-01
   1.7500000000e+00   9.2975660937e-01   8.6314709207e-01
   1.7500000000e+00   9.2975660937e-01   8.6314709207e-01
   1.7500000000e+00   9.2975660937e-01   8.6314709207e-01
   1.7500000000e+00   9.2975660937e-01   8.6314709207e-01
   1.7500000000e+00   9.2975660937e-01   8.6314709207e-01
   1.7500000000e+00   9.2975660937e-01   8.6314709207e-01
   1.7500000000e+00   9.2975660937e-01   8.5949901069e-01
   1.7500000000e+00   9.2975660937e-01   8.5949901069e-01
   1.7500000000e+00   9.2975660937e-01   8.5812277024e-01
   1.7500000000e+00   9.2975660937e-01   8.5812277024e-01
   1.7500000000e+00   9.2975660937e-01   8.6817141391e-01
   1.7500000000e+00   9.2975660937e-01   8.6817141391e-01
   1.7500000000e+00   9.2975660937e-01   8.5812277024e-01
   1.7500000000e+00   9.2975660937e-01   8.5812277024e-01
   1.7500000000e+00   9.2975660937e-01   8.6748329369e-01
   1.7500000000e+00   9.2975660937e-01   8.6748329369e-01
   1.7500000000e+00   9.2975660937e-01   8.6748329369e-01
   1.7500000000e+00   9.2975660937e-01   8.6748329369e-01
   1.7500000000e+00   1.4161665168e+00   1.5530729162e+00
   1.7500000000e+00   1.4161665168e+00   1.5530729162e+00
   1.7500000000e+00   1.4161665168e+00   1.5530729162e+00
   1.7500000000e+00   1.4161665168e+00   1.5530729162e+00
   1.7500000000e+00   1.4161665168e+00   1.9843294791e+00
   1.7500000000e+00   1.4161665168e+00   1.9843294791e+00
   1.7500000000e+00   1.4161665168e+00   1.1218163532e+00
   1.7500000000e+00   1.4161665168e+00   1.1218163532e+00
   1.7500000000e+00   9.4949683680e-01   1.0359535585e+00
   1.7500000000e+00   9.4949683680e-01   1.0359535585e+00
   1.7500000000e+00   9.4949683680e-01   1.0359535585e+00
   1.7500000000e+00   9.4949683680e-01   1.0359535585e+00
   1.7500000000e+00   9.4949683680e-01   1.0958067026e+00
   1.7500000000e+00   9.4949683680e-01   1.0958067026e+00
   1.7500000000e+00   9.4949683680e-01   1.0958067026e+00
   1.7500000000e+00   9.4949683680e-01   1.0958067026e+00
   1.7500000000e+00   1.1828316768e+00   1.9803665543e+00
   1.7500000000e+00   1.1828316768e+00   1.9803665543e+00
   1.7500000000e+00   1.1828316768e+00   1.9803665543e+00
   1.7500000000e+00   1.1828316768e+00   1.9803665543e+00
   1.7500000000e+00   1.1828316768e+00   1.0703395802e+00
   1.7500000000e+00   1.1828316768e+00   1.0703395802e+00
   1.7500000000e+00   1.1828316768e+00   1.1310439042e+00
   1.7500000000e+00   1.1828316768e+00   1.1310439042e+00
   1.7500000000e+00   1.1828316768e+00   1.1257792781e+00
   1.7500000000e+00   1.1828316768e+00   1.1257792781e+00
   1.7500000000e+00   1.1828316768e+00   1.1257792781e+00
   1.7500000000e+00   1.1828316768e+00   1.1257792781e+00
   1.7500000000e+00   1.1828316768e+00   1.1006917422e+00
   1.7500000000e+00   1.1828316768e+00   1.1006917422e+00
   1.7500000000e+00   1.1828316768e+00   1.1006917422e+00
   1.7500000000e+00   1.1828316768e+00   1.1006917422e+00
  -5.0000000000e-01  -5.4568967377e-01  -7.1445200282e-01
  -5.0000000000e-01  -5.4568967377e-01  -7.1445200282e-01
  -5.0000000000e-01  -5.4568967377e-01  -7.1445200282e-01
  -5.0000000000e-01  -5.4568967377e-01  -7.1445200282e-01
  -5.0000000000e-01  -5.4568967377e-01  -5.0950819880e-01
  -5.0000000000e-01  -5.4568967377e-01  -5.0950819880e-01
  -5.0000000000e-01  -5.4568967377e-01  -5.0950819880e-01
  -5.0000000000e-01  -5.4568967377e-01  -5.0950819880e-01
  -5.0000000000e-01  -5.4568967377e-01  -5.4775147189e-01
  -5.0000000000e-01  -5.4568967377e-01  -5.4775147189e-01
  -5.0000000000e-01  -5.4568967377e-01  -4.7126492572e-01
  -5.0000000000e-01  -5.4568967377e-01  -4.7126492572e-01
  -5.0000000000e-01  -5.4568967377e-01  -7.1445200282e-01
  -5.0000000000e-01  -5.4568967377e-01  -7.1445200282e-01
  -5.0000000000e-01  -5.4568967377e-01  -7.1445200282e-01
  -5.0000000000e-01  -5.4568967377e-01  -7.1445200282e-01
  -5.0000000000e-01  -5.4568967377e-01  -7.3050316374e-01
  -5.0000000000e-01  -5.4568967377e-01  -7.3050316374e-01
  -5.0000000000e-01  -5.4568967377e-01  -6.2251911561e-01
  -5.0000000000e-01  -5.4568967377e-01  -6.2251911561e-01
  -5.0000000000e-01  -5.4568967377e-01  -6.2251911561e-01
  -5.0000000000e-01  -5.4568967377e-01  -6.2251911561e-01
  -5.0000000000e-01  -5.4568967377e-01  -7.3050316374e-01
  -5.0000000000e-01  -5.4568967377e-01  -7.3050316374e-01
  -5.0000000000e-01  -5.4568967377e-01  -5.4372890010e-01
  -5.0000000000e-01  -5.4568967377e-01  -5.4372890010e-01
  -5.0000000000e-01  -5.4568967377e-01  -5.4372890010e-01
  -5.0000000000e-01  -5.4568967377e-01  -5.4372890010e-01
  -5.0000000000e-01  -5.4568967377e-01  -6.9862148593e-01
  -5.0000000000e-01  -5.4568967377e-01  -6.9862148593e-01
  -5.0000000000e-01  -5.4568967377e-01  -6.9862148593e-01
  -5.0000000000e-01  -5.4568967377e-01  -6.9862148593e-01
  -5.0000000000e-01  -4.7710319137e-01  -5.5794843263e-01
  -5.0000000000e-01  -4.7710319137e-01  -5.5794843263e-01
  -5.0000000000e-01  -4.7710319137e-01  -5.5794843263e-01
  -5.0000000000e-01  -4.7710319137e-01  -5.5794843263e-01
  -5.0000000000e-01  -4.7710319137e-01  -3.2875889595e-01
  -5.0000000000e-01  -4.7710319137e-01  -3.2875889595e-01
  -5.0000000000e-01  -4.7710319137e-01  -4.4352674828e-01
  -5.0000000000e-01  -4.7710319137e-01  -4.4352674828e-01
  -5.0000000000e-01  -5.2282751297e-01  -5.4691164838e-01
  -5.0000000000e-01  -5.2282751297e-01  -5.4691164838e-01
  -5.0000000000e-01  -5.2282751297e-01  -5.4691164838e-01
  -5.0000000000e-01  -5.2282751297e-01  -5.4691164838e-01
  -5.0000000000e-01  -5.2282751297e-01  -5.0898099094e-01
  -5.0000000000e-01  -5.2282751297e-01  -5.0898099094e-01
  -5.0000000000e-01  -5.2282751297e-01  -5.0898099094e-01
  -5.0000000000e-01  -5.2282751297e-01  -5.0898099094e-01
  -5.0000000000e-01  -4.7710319137e-01  -4.4352674828e-01
  -5.0000000000e-01  -4.7710319137e-01  -4.4352674828e-01
  -5.0000000000e-01  -4.7710319137e-01  -5.5794843263e-01
  -5.0000000000e-01  -4.7710319137e-01  -5.5794843263e-01
  -5.0000000000e-01  -4.7710319137e-01  -3.2858581196e-01
  -5.0000000000e-01  -4.7710319137e-01  -3.2858581196e-01
  -5.0000000000e-01  -4.7710319137e-01  -3.2858581196e-01
  -5.0000000000e-01  -4.7710319137e-01  -3.2858581196e-01
  -5.0000000000e-01  -5.2282751297e-01  -4.7030220739e-01
  -5.0000000000e-01  -5.2282751297e-01  -4.7030220739e-01
  -5.0000000000e-01  -5.2282751297e-01  -4.7244344302e-01
  -5.0000000000e-01  -5.2282751297e-01  -4.7244344302e-01
  -5.0000000000e-01  -5.2282751297e-01  -4.7030220739e-01
  -5.0000000000e-01  -5.2282751297e-01  -4.7030220739e-01
  -5.0000000000e-01  -5.2282751297e-01  -4.7244344302e-01
  -5.0000000000e-01  -5.2282751297e-01  -4.7244344302e-01
   2.5000000000e-01   1.5779942008e-01   3.3637001646e-01
   2.5000000000e-01   1.5779942008e-01   3.3637001646e-01
   2.5000000000e-01   1.5779942008e-01   3.3637001646e-01
   2.5000000000e-01   1.5779942008e-01   3.3637001646e-01
   2.5000000000e-01   1.5779942008e-01   3.0819783934e-01
   2.5000000000e-01   1.5779942008e-01   3.0819783934e-01
   2.5000000000e-01   1.5779942008e-01   6.7195091352e-01
   2.5000000000e-01   1.5779942008e-01   6.7195091352e-01
   2.5000000000e-01   1.5779942008e-01   2.0342025934e-01
   2.5000000000e-01   1.5779942008e-01   2.0342025934e-01
   2.5000000000e-01   1.5779942008e-01   2.0342025934e-01
   2.5000000000e-01   1.5779942008e-01   2.0342025934e-01
   2.5000000000e-01   1.5779942008e-01   2.0342025934e-01
   2.5000000000e-01   1.5779942008e-01   2.0342025934e-01
   2.5000000000e-01   1.5779942008e-01   2.0342025934e-01
   2.5000000000e-01   1.5779942008e-01   2.0342025934e-01
   2.5000000000e-01   1.5779942008e-01   2.0598878481e-02
   2.5000000000e-01   1.5779942008e-01   2.0598878481e-02
   2.5000000000e-01   1.5779942008e-01   1.6682978163e-01
   2.5000000000e-01   1.5779942008e-01   1.6682978163e-01
   2.5000000000e-01   1.5779942008e-01   1.4361113587e-01
   2.5000000000e-01   1.5779942008e-01   1.4361113587e-01
   2.5000000000e-01   1.5779942008e-01  -2.6197672713e-03
   2.5000000000e-01   1.5779942008e-01  -2.6197672713e-03
   2.5000000000e-01   1.5779942008e-01   1.6682978163e-01
   2.5000000000e-01   1.5779942008e-01   1.6682978163e-01
   2.5000000000e-01   1.5779942008e-01   1.4361113587e-01
   2.5000000000e-01   1.5779942008e-01   1.4361113587e-01
   2.5000000000e-01   1.5779942008e-01   2.0598878481e-02
   2.5000000000e-01   1.5779942008e-01   2.0598878481e-02
   2.5000000000e-01   1.5779942008e-01  -2.6197672713e-03
   2.5000000000e-01   1.5779942008e-01  -2.6197672713e-03
   2.5000000000e-01   1.5779942008e-01   2.1083783362e-01
   2.5000000000e-01   1.5779942008e-01   2.1083783362e-01
   2.5000000000e-01   1.5779942008e-01   2.1083783362e-01
   2.5000000000e-01   1.5779942008e-01   2.1083783362e-01
   2.5000000000e-01   1.5779942008e-01   1.9481482251e-02
   2.5000000000e-01   1.5779942008e-01   1.9481482251e-02
   2.5000000000e-01   1.5779942008e-01   1.9481482251e-02
   2.5000000000e-01   1.5779942008e-01   1.9481482251e-02
   2.5000000000e-01   1.5779942008e-01   4.3599070178e-01
   2.5000000000e-01   1.5779942008e-01   4.3599070178e-01
   2.5000000000e-01   1.5779942008e-01  -7.0107497787e-02
   2.5000000000e-01   1.5779942008e-01  -7.0107497787e-02
   2.5000000000e-01   1.5779942008e-01   4.3599070178e-01
   2.5000000000e-01   1.5779942008e-01   4.3599070178e-01
   2.5000000000e-01   1.5779942008e-01  -7.0107497787e-02
   2.5000000000e-01   1.5779942008e-01  -7.0107497787e-02
   2.5000000000e-01   1.5779942008e-01   1.8140502430e-01
   2.5000000000e-01   1.5779942008e-01   1.8140502430e-01
   2.5000000000e-01   1.5779942008e-01   1.8140502430e-01
   2.5000000000e-01   1.5779942008e-01   1.8140502430e-01
   2.5000000000e-01   1.5779942008e-01  -7.2530612233e-02
   2.5000000000e-01   1.5779942008e-01  -7.2530612233e-02
   2.5000000000e-01   1.5779942008e-01  -7.2530612233e-02
   2.5000000000e-01   1.5779942008e-01  -7.2530612233e-02
   2.5000000000e-01   1.5779942008e-01  -5.3711855986e-02
   2.5000000000e-01   1.5779942008e-01  -5.3711855986e-02
   2.5000000000e-01   1.5779942008e-01  -5.3711855986e-02
   2.5000000000e-01   1.5779942008e-01  -5.3711855986e-02
   2.5000000000e-01   1.5779942008e-01  -5.3711855986e-02
   2.5000000000e-01   1.5779942008e-01  -5.3711855986e-02
   2.5000000000e-01   1.5779942008e-01  -5.3711855986e-02
   2.5000000000e-01   1.5779942008e-01  -5.3711855986e-02
